1000
501216 0.057228 10
516704 0.251304 10
511254 0.776718 10
549929 0.185170 14
521456 0.142852 30
532505 0.075659 10
516513 0.134941 10
549678 0.169495 31
514863 0.274314 33
517984 0.286300 20
507121 0.241272 10
506470 0.211880 10
525857 0.127856 10
511409 0.041536 10
506401 0.159146 10
550247 0.176641 12
396861 0.112637 41
519867 0.262936 10
578847 0.175258 27
518834 0.153374 10
528980 0.250811 10
517391 0.302411 10
514658 0.129979 14
517635 0.196215 10
513079 0.187361 10
517251 0.195040 10
505347 0.113040 10
501580 0.376498 10
501598 0.222917 10
505637 0.377880 10
518121 0.739760 10
509540 0.318737 10
514490 0.255025 18
518168 0.133757 27
550303 0.277873 16
523796 0.246230 10
502314 0.214010 10
522275 0.237577 10
506725 0.206596 10
514203 0.169438 10
532760 0.060461 10
564509 0.099661 36
514736 0.110851 16
502828 0.087372 10
501983 0.153411 10
511867 0.515691 10
519207 0.154410 10
549334 0.279322 26
500310 0.899546 10
523471 0.226122 10
532351 0.023284 11
514745 0.106349 7
518888 0.232228 11
603372 0.160779 19
516712 0.173195 11
509139 0.308928 11
549678 0.133848 28
504862 0.213387 11
508186 0.218880 11
511757 0.206863 11
514467 0.151346 22
524092 0.078660 11
504737 0.474057 11
514581 0.181598 11
515225 0.151354 11
513432 0.410970 11
505440 0.220263 11
506456 0.126580 11
513237 0.166440 11
521926 0.208753 11
504460 0.376427 11
549678 0.113325 31
503152 0.064927 11
514714 0.110678 21
514690 0.133105 25
526839 0.430015 11
581951 0.138912 34
516847 0.537825 11
524064 0.220939 11
521456 0.217031 30
527714 0.170388 11
521621 0.707036 11
511640 0.157378 11
513866 0.477993 11
522411 0.183085 16
514270 0.175373 31
518276 0.173344 22
549253 0.198162 22
519031 0.149136 11
526201 0.181223 11
520187 0.185145 11
510706 0.069803 11
520649 0.500545 11
510748 0.144247 11
522256 0.248175 30
600773 0.102514 40
584909 0.131819 19
514841 0.171054 20
524782 0.370691 11
502993 0.399700 11
526688 0.269753 12
524355 0.140883 12
511318 0.517452 12
502151 0.316942 12
509040 0.274401 12
565079 0.144841 35
520396 0.179522 12
564509 0.125982 36
514857 0.287275 12
506955 0.200727 12
549334 0.267881 11
578847 0.178443 5
504741 0.257440 12
521547 0.202653 12
518451 0.173393 12
513781 0.440058 12
514737 0.163088 22
550303 0.201721 29
518540 0.763014 12
525964 0.185770 12
550303 0.208822 16
510678 0.315996 12
528615 0.103949 12
563015 0.164882 38
506934 0.242102 12
519941 0.699100 12
519563 0.293614 12
514466 0.154223 9
514715 0.114121 26
514863 0.228100 33
509208 0.170619 12
517567 0.287384 12
514623 0.214392 17
518330 0.137850 31
512515 0.081770 12
501336 0.374929 12
532566 0.180060 12
531417 0.675446 12
523286 0.102523 12
510621 0.094012 12
519989 0.444994 12
511953 1.128203 12
416203 0.094285 26
504339 0.114711 12
532319 0.289875 12
514099 0.207525 12
502907 0.123140 12
515382 0.145656 12
512543 0.242193 12
517537 0.363883 12
508291 0.613244 13
514548 0.430791 13
522368 0.140793 32
502388 0.145245 13
539103 0.119419 20
549334 0.240410 19
516721 0.374902 13
524088 0.484387 13
526397 0.017669 13
539193 0.129428 24
512509 0.305259 13
513837 0.061181 13
515612 0.089347 13
505187 0.124470 13
530708 0.100565 13
516530 0.166094 21
509652 0.100875 13
517735 0.182130 13
506724 0.243590 13
511535 0.646291 13
526027 0.796395 13
503287 0.119585 13
530481 0.126366 13
522368 0.151949 32
531521 0.365274 13
512315 0.120760 13
531153 0.549057 13
506508 0.095246 13
530373 0.068096 13
514636 0.166040 13
506672 0.573024 13
514690 0.140821 19
514460 0.211858 33
525497 0.224763 13
511566 0.082294 13
529043 0.034088 13
521457 0.146757 3
514734 0.207270 12
501436 0.168514 13
511988 0.172979 13
502210 0.371042 13
522291 0.149199 20
525603 0.525883 13
501718 0.273087 13
578847 0.163815 5
514466 0.092080 9
514237 0.159078 13
526416 0.370578 13
520711 0.123294 13
516594 0.103237 13
511961 0.289927 14
505639 0.135107 14
524076 0.304168 14
523863 0.232702 14
505947 0.253441 14
604437 0.125558 29
528775 1.241782 14
510961 0.377217 14
503866 0.050988 14
521456 0.161249 30
507466 0.140923 14
523896 0.116867 14
501249 1.079969 14
550255 0.204438 23
564265 0.172003 26
532251 0.062261 14
539193 0.127753 32
503667 0.346565 14
549253 0.228376 33
524837 0.169249 4
527190 0.321716 14
521593 0.212147 14
526426 0.153590 14
505268 0.215080 14
511839 0.287229 14
506449 0.785555 14
510647 0.213748 14
514691 0.186696 31
578847 0.108445 34
501681 0.249309 14
514068 0.158292 30
512316 0.070651 14
514037 0.152866 14
416203 0.091770 38
539193 0.203814 27
515069 0.296924 14
520693 0.673323 14
504283 0.352562 14
530177 0.187635 14
502387 0.236609 14
579411 0.197958 18
503441 0.084187 14
549453 0.204412 13
506360 0.310087 14
518002 0.167585 8
511143 0.110789 14
549678 0.114335 22
524635 0.155718 14
519446 0.081797 14
514068 0.132544 30
517642 0.164046 15
503133 0.368701 15
512640 0.149214 15
549334 0.218225 26
531013 0.327106 15
503093 0.158848 15
531187 0.060601 15
529212 0.147528 5
531150 0.117633 15
528141 0.219209 15
516844 0.425589 15
549209 0.248625 22
509081 0.453090 15
502914 0.161925 15
522936 0.208312 12
531963 0.124680 15
504303 0.455917 15
518331 0.162593 18
501566 0.223316 15
514717 0.133107 23
514410 0.165818 8
505091 0.180137 15
528882 0.111632 15
506046 0.719845 15
521735 0.136294 15
550255 0.237001 23
514700 0.148207 8
507335 0.336942 15
528511 0.159337 15
508856 0.209821 15
521190 0.305443 15
522360 0.194919 15
528096 0.128090 22
524858 0.158302 25
523896 0.145099 15
511967 0.163057 15
529860 0.182888 15
503012 0.245020 15
528926 0.163650 15
549334 0.235811 28
506303 0.711902 15
515077 0.169958 15
549929 0.227833 14
527104 0.318892 15
505974 0.157219 15
502790 0.359229 15
519204 0.264535 15
521302 0.210939 15
526545 0.272772 15
524311 0.166888 15
522411 0.210867 16
550306 0.236424 17
519055 0.403748 16
521184 0.253626 16
504512 0.409110 16
515585 0.114718 25
508862 0.132338 16
514160 0.154109 9
525953 0.184110 22
507231 0.162236 16
507718 0.159360 16
507506 0.081024 16
514044 0.143234 16
507164 0.209259 16
511839 0.244989 16
549334 0.223730 8
512384 0.200087 16
519488 0.175289 16
514691 0.208524 31
515327 0.108350 16
532256 0.219294 16
549334 0.251799 11
509388 0.155354 16
514700 0.152760 8
527000 0.106366 16
549253 0.235793 27
523191 0.231936 16
509959 0.181216 16
502966 0.378866 16
504403 0.272477 16
525919 0.219229 16
509708 0.021002 16
511454 0.277866 16
522328 0.141820 16
501538 0.174059 16
385213 0.113751 25
530054 0.006455 16
522923 0.593129 16
509361 0.181352 16
531194 1.655144 16
528314 0.149587 16
522383 0.172945 29
530576 0.168768 16
526794 0.226281 16
521114 0.589197 16
550247 0.274945 12
531866 0.213862 16
531805 0.693496 16
514826 0.140775 24
503914 0.376315 16
579411 0.130132 28
539211 0.152632 25
522064 0.229649 28
527209 0.261531 17
531764 0.111832 17
523798 0.282203 17
532253 0.181937 17
578847 0.175565 9
529563 0.500255 17
518160 0.213673 21
510447 0.035383 17
549453 0.131205 12
514264 0.113791 17
539011 0.125384 38
508852 0.201872 17
514467 0.135811 22
514690 0.167280 25
514965 0.159972 24
526211 0.212993 17
502507 0.351605 17
522783 0.287385 17
529999 0.190228 17
505095 0.221203 17
506108 0.438545 17
508574 0.118569 17
523775 0.397683 17
516351 0.181140 17
517097 0.090232 17
511969 0.105079 17
514514 0.393674 17
505278 0.309764 17
519581 0.107052 17
542791 0.112667 24
514444 0.243171 29
517035 0.172821 17
565079 0.186905 35
515640 0.009042 17
522411 0.130006 16
516545 0.217410 17
579361 0.158172 19
510306 0.639254 17
521856 0.071642 17
523792 0.158014 17
513584 0.050523 17
519804 0.372969 17
516102 0.109514 17
507450 0.658693 17
514092 0.161557 9
543545 0.214745 30
550268 0.139769 17
528376 0.305655 18
532573 0.034641 18
532296 1.518389 18
522035 0.202477 7
510355 0.473679 18
514704 0.126893 11
500655 0.084282 18
504657 0.156409 18
522859 0.299998 18
515729 0.083098 18
514218 0.172491 8
503020 1.329836 18
527219 0.173512 18
506138 0.320748 18
532607 0.221961 18
516705 0.182464 18
503731 0.422814 18
507228 0.056043 18
517910 0.188134 18
549453 0.125092 22
500932 0.300906 18
531148 0.802629 18
572559 0.238032 14
549929 0.162135 21
508760 0.146825 18
529553 0.100901 18
521612 0.322189 18
504459 0.174540 18
518087 0.147257 22
581581 0.192930 7
518672 0.488126 18
515928 0.574304 18
522787 0.281535 18
549241 0.223289 18
504684 0.138037 18
530170 0.092244 18
507806 0.106388 18
516478 0.377132 18
549209 0.189160 22
524800 0.301383 18
514590 0.239773 18
524949 0.209476 19
514448 0.395841 18
518317 0.204340 10
528696 0.199752 18
517920 0.183003 18
530846 0.217003 18
517810 0.067746 18
518273 0.205169 13
521390 0.263436 18
579361 0.190432 19
522558 0.150238 19
522855 0.171434 19
521246 0.131644 19
515994 0.469509 19
522735 0.461201 19
550227 0.117224 18
519059 0.133601 19
515142 0.179091 19
578847 0.168542 5
526932 0.260635 19
506090 0.095429 19
522116 0.100654 23
514722 0.166347 31
542562 0.157398 29
527316 0.150962 19
521419 0.193243 19
507088 0.223617 19
510312 0.196600 19
502069 0.477017 19
549334 0.289146 17
579361 0.116763 19
514649 0.447580 19
514745 0.168947 5
527736 0.120407 19
514064 0.228964 19
549334 0.297966 10
518150 0.245416 9
524752 0.513576 19
500912 0.833211 19
503432 0.150022 19
511381 0.092110 19
579411 0.176535 6
518582 0.132041 19
505065 0.225796 19
605443 0.259098 12
527755 0.014544 19
520226 0.136329 19
502365 0.173026 19
501622 0.177356 19
512236 0.184448 19
514709 0.205710 18
550222 0.185517 16
514418 0.142356 25
522245 0.136213 19
525668 0.365310 19
515232 0.246933 19
522841 0.136652 19
516518 0.046537 19
523258 0.425950 19
514354 0.422960 20
514277 0.348168 20
511861 0.175493 20
527478 0.074423 20
529755 0.187341 20
539217 0.229131 31
515691 0.149891 20
520346 0.813490 20
521712 0.696263 20
514722 0.214128 31
511830 0.159711 20
509083 0.142475 20
521686 0.208164 20
550247 0.210310 21
532310 0.414139 20
517028 0.227868 20
517770 0.214470 20
514696 0.211427 2
520288 0.303506 20
514271 0.139132 15
524443 0.277669 20
513146 0.251099 20
521483 0.125425 24
525960 0.132189 20
550303 0.207804 13
523691 0.197704 20
518330 0.221435 31
584909 0.128243 6
549334 0.275867 10
532240 0.142076 20
505916 0.263632 20
525498 0.523418 20
500027 0.069112 20
505038 0.609258 20
577333 0.407756 13
506045 0.405462 20
517476 0.230785 20
519357 0.147612 20
514730 0.034843 20
532681 0.289055 20
530786 0.153868 20
510697 0.123830 20
505967 0.252886 20
549241 0.252591 18
506555 0.015950 20
531986 0.321593 20
415781 0.118941 16
505670 0.353740 20
516491 0.310022 20
508972 0.051073 20
527959 0.214255 21
604437 0.157599 29
512256 0.230316 21
507616 0.079170 21
515322 0.179973 21
513363 0.289683 21
514013 0.646430 21
530441 0.330103 21
501702 0.135250 21
521402 0.144043 33
524538 0.189712 21
529976 0.107427 21
521933 0.179716 21
528166 0.203932 21
550255 0.281947 23
514450 0.231815 24
549334 0.156630 27
514691 0.185191 27
517301 0.087735 21
505451 0.302924 21
512116 0.368110 21
518202 0.152765 26
521700 0.313500 21
514450 0.205767 24
504667 0.274501 21
527161 0.498429 21
518008 0.225714 21
527626 0.129180 21
502792 0.186843 21
516821 0.229900 30
396595 0.175034 18
549163 0.266270 11
514410 0.126773 8
584909 0.154912 6
513484 0.692371 21
520935 0.299025 21
514580 0.185050 27
529778 0.078209 21
523711 0.139726 21
526353 0.187317 21
531444 0.709949 21
519289 0.203448 21
514490 0.162100 29
506897 0.224101 21
514970 0.164031 21
550305 0.185277 27
516874 0.412719 21
508493 0.099217 21
510809 0.145747 21
530595 0.008388 21
514691 0.144766 31
509915 0.144477 22
511498 0.073166 22
526615 0.220501 22
527797 0.312016 22
530440 0.230748 22
521818 0.149052 22
508524 0.088344 22
501323 0.309917 22
528596 0.378394 22
532298 0.546706 22
519339 0.168658 22
525953 0.109889 22
549678 0.109356 22
514474 0.258462 7
526163 0.189226 22
563015 0.091252 38
507087 0.329625 22
527284 0.192999 22
517590 0.233252 22
415871 0.277966 19
524801 0.250998 22
502613 0.228142 22
523290 0.182803 22
506162 0.083303 22
539211 0.161410 25
514874 0.203667 17
523001 0.242490 22
524625 0.082690 22
506978 0.428606 22
515200 0.493588 22
507074 0.315367 22
530987 0.273201 22
527691 0.133815 22
500138 0.356170 22
524726 0.160509 22
500502 0.039945 22
523909 0.335992 22
522156 0.131817 22
549163 0.233135 13
516470 0.115884 22
517551 0.364576 22
519720 0.149635 22
550303 0.206937 8
524616 0.131456 22
524854 0.159158 11
510353 0.201764 22
529912 0.668918 22
501146 0.856444 22
518160 0.213326 21
506803 0.343989 23
501440 0.169922 23
510223 0.498024 23
522779 0.282576 23
519209 0.420997 23
531145 0.380935 23
519776 0.733962 23
514691 0.146316 27
604437 0.137995 29
527502 0.328032 23
532694 0.594893 23
521136 0.243653 23
514755 0.149939 24
517118 0.215537 23
509138 0.204035 23
514254 0.212948 28
514454 0.165147 23
529146 0.497933 23
505925 0.178256 23
529740 0.092792 23
519570 0.092530 23
500185 0.823171 23
508728 0.290946 23
526300 0.810458 23
521952 0.144333 23
527333 0.174592 23
514623 0.126362 17
530209 0.101190 23
529046 0.178764 23
514734 0.159298 12
514745 0.148096 33
525123 0.072780 23
603372 0.141813 31
522350 0.250303 23
514801 0.259525 28
500895 0.250740 23
416203 0.137482 26
579411 0.171722 6
513862 0.232057 23
532548 0.169713 23
531939 0.831792 23
530680 0.030914 23
529187 0.107987 20
519287 0.257772 23
529212 0.163208 5
517783 0.148537 23
526271 0.030805 23
515057 0.157256 24
508941 0.127787 23
523556 0.118291 23
528260 0.024955 24
503964 0.198402 24
511563 0.153567 24
522261 0.136996 20
505297 0.125522 24
522051 0.220744 4
513972 0.070766 24
529361 0.040157 24
549253 0.134465 26
513597 0.047101 24
521726 0.221362 24
516527 0.167127 17
508421 0.690989 24
514127 0.569265 24
550247 0.187645 12
549334 0.214091 5
505885 0.216838 24
521675 0.156191 24
600778 0.105920 32
514254 0.155463 28
523811 0.238293 24
531298 0.643746 24
517862 0.175991 29
549678 0.118608 31
519328 0.248201 24
518904 0.166781 24
604437 0.187972 7
515278 0.220494 24
572381 0.148998 23
528421 0.040364 24
514691 0.145158 27
549334 0.195028 8
502546 0.172281 24
514700 0.119249 6
524859 0.220495 31
514186 0.152970 25
516994 0.205713 24
517416 0.347656 24
519907 0.126033 24
530163 0.055701 24
416127 0.191346 22
522814 0.124927 31
522761 0.111769 24
549334 0.216777 25
521877 0.194481 24
521276 0.746722 24
530737 0.189947 24
528156 0.390160 24
506539 0.163402 24
500193 0.179611 24
521688 0.200582 25
517028 0.118970 25
503095 1.284368 25
512626 0.422431 25
529361 0.038827 25
500556 0.635190 25
507235 0.151298 25
524804 0.181239 18
522687 0.452894 25
532194 0.088460 25
515057 0.167781 24
538781 0.142120 41
550293 0.317100 24
531750 0.416399 25
578847 0.177601 34
579361 0.188255 19
549453 0.155601 22
517969 0.690250 25
514271 0.173263 15
514248 0.583703 25
514733 0.392176 25
501131 0.235612 25
508409 0.223835 25
516661 0.161660 29
517367 0.192945 25
514186 0.197769 25
523533 0.151112 25
516938 0.283550 25
523174 0.140977 11
513178 0.146486 25
515304 0.265417 25
514140 0.156303 14
514809 0.208393 25
528648 0.061861 25
519874 0.156611 25
500146 0.721846 25
522561 0.245466 25
508342 0.171165 25
514150 0.497447 25
514691 0.193776 27
516527 0.179986 17
516530 0.198276 21
501939 0.078043 25
508242 0.321276 25
524598 0.592333 25
529279 0.054142 25
522268 0.177515 25
397645 0.180604 28
511977 0.115247 25
510931 0.242785 25
514345 0.133401 26
527033 0.238563 26
563077 0.255415 20
528343 0.193403 26
530675 0.555040 26
500649 0.223969 26
507144 0.116118 26
564571 0.127612 18
511915 0.149550 26
520634 0.141124 26
515058 0.562968 26
514140 0.206038 7
416203 0.111841 36
531400 0.397954 26
514576 0.128738 12
521913 0.336359 26
527621 0.053875 26
501092 0.214139 26
506028 0.026994 26
531445 0.708287 26
503784 0.329571 26
521042 0.156832 26
514930 0.391770 26
501665 2.108815 26
516661 0.184353 29
532490 0.724720 26
509018 0.143079 26
517054 0.214677 26
522675 0.146002 24
532536 0.038416 26
522261 0.190012 30
517315 0.022903 26
505247 0.087674 26
505660 0.116040 26
518420 0.348007 26
517657 0.377049 26
515469 0.132634 26
506794 0.490289 26
510077 0.190343 26
521887 0.124255 26
514863 0.177441 33
502731 0.181947 26
513588 0.238148 26
522411 0.207486 16
550247 0.215429 21
528922 0.183662 26
515477 0.155374 26
515319 0.058755 26
528959 0.027302 26
579411 0.159961 28
528467 0.086882 27
516682 0.440765 27
521769 0.185755 27
504632 0.700151 27
503537 0.408804 27
515788 0.421602 27
514383 0.130038 27
514690 0.176690 19
518008 0.214699 32
539073 0.240925 26
504163 0.091085 27
549334 0.272527 26
532232 0.247526 27
531039 0.514743 27
521772 0.183417 27
514704 0.204776 27
526384 0.172190 27
518382 0.183773 12
516614 0.369115 27
509060 0.234880 27
514874 0.115494 31
538781 0.129810 41
524895 0.143259 27
514754 0.115606 21
526689 0.249697 27
578847 0.137815 12
530490 0.166828 27
504917 0.342431 27
518032 0.267337 27
510979 0.145677 27
510128 0.307029 27
523036 0.512919 27
523892 0.128547 27
518382 0.181197 12
531818 0.236018 27
528166 0.144984 21
522291 0.124395 20
508629 0.349436 27
513320 0.299837 27
509694 0.235694 27
514580 0.133074 27
512747 0.067825 27
525374 0.222955 27
518072 0.239029 28
504821 0.268826 27
529641 0.222360 27
525585 0.086057 27
584909 0.181310 5
521447 0.196343 27
513916 0.812184 27
506014 0.203887 28
516728 0.224698 28
512656 0.133302 28
525505 0.083905 28
530163 0.058201 28
529360 0.067671 28
517049 0.343868 28
532169 0.036320 28
528308 0.169118 28
521913 0.318879 28
516527 0.174925 17
527387 0.101022 28
518304 0.189017 29
509346 0.140253 28
514700 0.177039 6
504882 0.199216 28
600595 0.199648 5
514140 0.137862 12
514679 0.273857 28
519163 0.212215 28
532744 0.662541 28
549453 0.229571 10
518317 0.204616 10
504409 0.381355 28
518375 0.160906 28
529358 0.005918 28
520053 0.185821 28
507041 0.521960 28
527501 0.177759 28
505515 0.121927 28
527738 0.123761 28
514745 0.118797 33
521483 0.222113 24
522693 0.140401 28
518299 0.197149 14
523661 0.340844 28
516271 0.223933 28
531013 0.326850 28
539193 0.117520 35
518332 0.170329 20
512542 0.188640 28
527750 0.184630 28
523296 0.105191 28
501121 0.594661 28
504376 0.092984 28
505241 0.386269 28
524858 0.155251 25
516166 0.139794 28
530409 0.426468 28
517569 0.158120 28
507647 0.345718 29
550303 0.148233 22
513840 0.103285 29
505591 0.126925 29
516442 0.143123 29
549253 0.176711 33
500128 0.432241 29
502888 0.151654 29
509895 0.825447 29
506309 0.137542 29
521952 0.172946 29
501746 0.112323 29
549163 0.215803 11
523188 0.390750 29
517420 0.203382 29
543813 0.160107 29
505137 0.155552 29
522199 0.299334 29
530898 0.090626 29
514450 0.130281 24
526059 0.135052 29
522261 0.116953 20
508342 0.232705 29
519420 0.136685 29
518276 0.199656 22
516213 0.215891 29
506319 0.231709 29
522185 0.157095 29
523837 0.240516 29
506224 0.295265 29
528295 0.385826 29
539193 0.150382 14
510731 0.330908 29
503455 0.429493 29
524895 0.140647 30
514743 0.202508 19
578847 0.152097 31
524837 0.217461 29
503976 0.731205 29
524235 0.253611 29
521006 0.210635 29
521367 0.384540 29
519755 0.177040 29
524555 0.122360 29
523057 0.340686 29
500096 0.360782 29
522573 0.267292 12
539011 0.149228 38
532310 0.368019 29
502750 0.167283 29
