1000
501216 0.070884 10
516704 0.480013 10
511254 1.541155 10
549929 0.252209 14
521456 0.210156 30
532505 0.129177 10
516513 0.177722 10
549678 0.338384 31
514863 0.548141 33
517984 0.567899 20
507121 0.444217 10
506470 0.421739 10
525857 0.153168 10
511409 0.078409 10
506401 0.232037 10
550247 0.178323 12
396861 0.135411 41
519867 0.468108 10
578847 0.339173 27
518834 0.256121 10
528980 0.473433 10
517391 0.462934 10
514658 0.175437 14
517635 0.355244 10
513079 0.294183 10
517251 0.361019 10
505347 0.185821 10
501580 0.599993 10
501598 0.288951 10
505637 0.553141 10
518121 1.396081 10
509540 0.472011 10
514490 0.492674 18
518168 0.168471 27
550303 0.554920 16
523796 0.468391 10
502314 0.261629 10
522275 0.443331 10
506725 0.342587 10
514203 0.304615 10
532760 0.073982 10
564509 0.134282 36
514736 0.121652 16
502828 0.093516 10
501983 0.242432 10
511867 0.839672 10
519207 0.255629 10
549334 0.526566 26
500310 1.762037 10
523471 0.428166 10
532351 0.042551 11
514745 0.106947 7
518888 0.425184 11
603372 0.286738 19
516712 0.281685 11
509139 0.578483 11
549678 0.231444 28
504862 0.412762 11
508186 0.414539 11
511757 0.214088 11
514467 0.287837 22
524092 0.149581 11
504737 0.933471 11
514581 0.287695 11
515225 0.241361 11
513432 0.713009 11
505440 0.280388 11
506456 0.236041 11
513237 0.228720 11
521926 0.395559 11
504460 0.750681 11
549678 0.169874 31
503152 0.094880 11
514714 0.113635 21
514690 0.180615 25
526839 0.839146 11
581951 0.266437 34
516847 1.063276 11
524064 0.414417 11
521456 0.432692 30
527714 0.191965 11
521621 1.332708 11
511640 0.274733 11
513866 0.882278 11
522411 0.333255 16
514270 0.317320 31
518276 0.271032 22
549253 0.340685 22
519031 0.200508 11
526201 0.306368 11
520187 0.291735 11
510706 0.106208 11
520649 0.873135 11
510748 0.220042 11
522256 0.491926 30
600773 0.129942 40
584909 0.206456 19
514841 0.266561 20
524782 0.682772 11
502993 0.623399 11
526688 0.529358 12
524355 0.226449 12
511318 0.996756 12
502151 0.559627 12
509040 0.333003 12
565079 0.237722 35
520396 0.270667 12
564509 0.213247 36
514857 0.527026 12
506955 0.400281 12
549334 0.492242 11
578847 0.348730 5
504741 0.430321 12
521547 0.347859 12
518451 0.289479 12
513781 0.718375 12
514737 0.278364 22
550303 0.326463 29
518540 1.466142 12
525964 0.325710 12
550303 0.347766 16
510678 0.628788 12
528615 0.110847 12
563015 0.327846 38
506934 0.371106 12
519941 1.264800 12
519563 0.444641 12
514466 0.296470 9
514715 0.123962 26
514863 0.409501 33
509208 0.316858 12
517567 0.354853 12
514623 0.426877 17
518330 0.161851 31
512515 0.117811 12
501336 0.708688 12
532566 0.205979 12
531417 1.196238 12
523286 0.104169 12
510621 0.170136 12
519989 0.754782 12
511953 1.816208 12
416203 0.125654 26
504339 0.142532 12
532319 0.450226 12
514099 0.387075 12
502907 0.132719 12
515382 0.204468 12
512543 0.404679 12
517537 0.692349 12
508291 1.220833 13
514548 0.819874 13
522368 0.206078 32
502388 0.158535 13
539103 0.166857 20
549334 0.409829 19
516721 0.727507 13
524088 0.732261 13
526397 0.018807 13
539193 0.165683 24
512509 0.590578 13
513837 0.082442 13
515612 0.127642 13
505187 0.206609 13
530708 0.137295 13
516530 0.275382 21
509652 0.199425 13
517735 0.325889 13
506724 0.453570 13
511535 1.038273 13
526027 1.363485 13
503287 0.131656 13
530481 0.187998 13
522368 0.239546 32
531521 0.713023 13
512315 0.228780 13
531153 0.774472 13
506508 0.117138 13
530373 0.113087 13
514636 0.257221 13
506672 1.052171 13
514690 0.203764 19
514460 0.374575 33
525497 0.426189 13
511566 0.121483 13
529043 0.053065 13
521457 0.221871 3
514734 0.393510 12
501436 0.303643 13
511988 0.268137 13
502210 0.604325 13
522291 0.218696 20
525603 1.027149 13
501718 0.452361 13
578847 0.304846 5
514466 0.110040 9
514237 0.248935 13
526416 0.715433 13
520711 0.188682 13
516594 0.202010 13
511961 0.494180 14
505639 0.168321 14
524076 0.405503 14
523863 0.459305 14
505947 0.505622 14
604437 0.174173 29
528775 1.282145 14
510961 0.588352 14
503866 0.095664 14
521456 0.265347 30
507466 0.239768 14
523896 0.121102 14
501249 2.103207 14
550255 0.271014 23
564265 0.333609 26
532251 0.100383 14
539193 0.160660 32
503667 0.480495 14
549253 0.431328 33
524837 0.277948 4
527190 0.374747 14
521593 0.378441 14
526426 0.272669 14
505268 0.373740 14
511839 0.528987 14
506449 1.196864 14
510647 0.386843 14
514691 0.341387 31
578847 0.138736 34
501681 0.308126 14
514068 0.256475 30
512316 0.076354 14
514037 0.288497 14
416203 0.118110 38
539193 0.388842 27
515069 0.442573 14
520693 1.206669 14
504283 0.561186 14
530177 0.352305 14
502387 0.284727 14
579411 0.395274 18
503441 0.110061 14
549453 0.381336 13
506360 0.440362 14
518002 0.233356 8
511143 0.131068 14
549678 0.172905 22
524635 0.224153 14
519446 0.162291 14
514068 0.179232 30
517642 0.287837 15
503133 0.504904 15
512640 0.196842 15
549334 0.343274 26
531013 0.518418 15
503093 0.205045 15
531187 0.088502 15
529212 0.262283 5
531150 0.148600 15
528141 0.409828 15
516844 0.824966 15
549209 0.492076 22
509081 0.469171 15
502914 0.281176 15
522936 0.389136 12
531963 0.186241 15
504303 0.560151 15
518331 0.236080 18
501566 0.428147 15
514717 0.183022 23
514410 0.276654 8
505091 0.180712 15
528882 0.114397 15
506046 1.040536 15
521735 0.160781 15
550255 0.368703 23
514700 0.225922 8
507335 0.619027 15
528511 0.178912 15
508856 0.352263 15
521190 0.487330 15
522360 0.354056 15
528096 0.179971 22
524858 0.249005 25
523896 0.205796 15
511967 0.320572 15
529860 0.300263 15
503012 0.430861 15
528926 0.271049 15
549334 0.396032 28
506303 0.992106 15
515077 0.254875 15
549929 0.380200 14
527104 0.557077 15
505974 0.231656 15
502790 0.711686 15
519204 0.364304 15
521302 0.391316 15
526545 0.405817 15
524311 0.247465 15
522411 0.416601 16
550306 0.401171 17
519055 0.779845 16
521184 0.498679 16
504512 0.736529 16
515585 0.166254 25
508862 0.148614 16
514160 0.212128 9
525953 0.336330 22
507231 0.215207 16
507718 0.253979 16
507506 0.159372 16
514044 0.178902 16
507164 0.373077 16
511839 0.402267 16
549334 0.359791 8
512384 0.278660 16
519488 0.293067 16
514691 0.406873 31
515327 0.123750 16
532256 0.401982 16
549334 0.443996 11
509388 0.204762 16
514700 0.239580 8
527000 0.152597 16
549253 0.453578 27
523191 0.452807 16
509959 0.319548 16
502966 0.494897 16
504403 0.457731 16
525919 0.417388 16
509708 0.032105 16
511454 0.527598 16
522328 0.206160 16
501538 0.225178 16
385213 0.188852 25
530054 0.008564 16
522923 1.143088 16
509361 0.242856 16
531194 2.917331 16
528314 0.289460 16
522383 0.270434 29
530576 0.332905 16
526794 0.290943 16
521114 1.169991 16
550247 0.473235 12
531866 0.373985 16
531805 0.854387 16
514826 0.242625 24
503914 0.644746 16
579411 0.191795 28
539211 0.185497 25
522064 0.424647 28
527209 0.363694 17
531764 0.212797 17
523798 0.370508 17
532253 0.268611 17
578847 0.340095 9
529563 0.903164 17
518160 0.395318 21
510447 0.039548 17
549453 0.161714 12
514264 0.132573 17
539011 0.127452 38
508852 0.328417 17
514467 0.241232 22
514690 0.283139 25
514965 0.266317 24
526211 0.320079 17
502507 0.493515 17
522783 0.396254 17
529999 0.246385 17
505095 0.386409 17
506108 0.807734 17
508574 0.229406 17
523775 0.727149 17
516351 0.250020 17
517097 0.148595 17
511969 0.108838 17
514514 0.730421 17
505278 0.554893 17
519581 0.122556 17
542791 0.185001 24
514444 0.485912 29
517035 0.292862 17
565079 0.363914 35
515640 0.016925 17
522411 0.174018 16
516545 0.424231 17
579361 0.244417 19
510306 1.225962 17
521856 0.106925 17
523792 0.235843 17
513584 0.090669 17
519804 0.648807 17
516102 0.119742 17
507450 1.231778 17
514092 0.268070 9
543545 0.355635 30
550268 0.223706 17
528376 0.478664 18
532573 0.064923 18
532296 3.017366 18
522035 0.375831 7
510355 0.841436 18
514704 0.143978 11
500655 0.149645 18
504657 0.264626 18
522859 0.437094 18
515729 0.123894 18
514218 0.305973 8
503020 2.656009 18
527219 0.291635 18
506138 0.590245 18
532607 0.309484 18
516705 0.273492 18
503731 0.784841 18
507228 0.101528 18
517910 0.340603 18
549453 0.143375 22
500932 0.490217 18
531148 1.462587 18
572559 0.268295 14
549929 0.183105 21
508760 0.248176 18
529553 0.142802 18
521612 0.532167 18
504459 0.214919 18
518087 0.172671 22
581581 0.234389 7
518672 0.968777 18
515928 1.068912 18
522787 0.400605 18
549241 0.410967 18
504684 0.219111 18
530170 0.151631 18
507806 0.117565 18
516478 0.663996 18
549209 0.313679 22
524800 0.587649 18
514590 0.471519 18
524949 0.410027 19
514448 0.580324 18
518317 0.384720 10
528696 0.273457 18
517920 0.296408 18
530846 0.363608 18
517810 0.093139 18
518273 0.375807 13
521390 0.524808 18
579361 0.341197 19
522558 0.214615 19
522855 0.280902 19
521246 0.132432 19
515994 0.759328 19
522735 0.915603 19
550227 0.171972 18
519059 0.180904 19
515142 0.250173 19
578847 0.319026 5
526932 0.431206 19
506090 0.150686 19
522116 0.136362 23
514722 0.283042 31
542562 0.289495 29
527316 0.217687 19
521419 0.329230 19
507088 0.416151 19
510312 0.294600 19
502069 0.901550 19
549334 0.556039 17
579361 0.120190 19
514649 0.867839 19
514745 0.294741 5
527736 0.139522 19
514064 0.448992 19
549334 0.582498 10
518150 0.488447 9
524752 1.000128 19
500912 1.644932 19
503432 0.294967 19
511381 0.093631 19
579411 0.331005 6
518582 0.138723 19
505065 0.392988 19
605443 0.463194 12
527755 0.021733 19
520226 0.163588 19
502365 0.211277 19
501622 0.352369 19
512236 0.312743 19
514709 0.369629 18
550222 0.339350 16
514418 0.160668 25
522245 0.182738 19
525668 0.586229 19
515232 0.252400 19
522841 0.154355 19
516518 0.070311 19
523258 0.628650 19
514354 0.844379 20
514277 0.495803 20
511861 0.337478 20
527478 0.113469 20
529755 0.347523 20
539217 0.438993 31
515691 0.203372 20
520346 1.612471 20
521712 1.275489 20
514722 0.426384 31
511830 0.297633 20
509083 0.188626 20
521686 0.316691 20
550247 0.279329 21
532310 0.790317 20
517028 0.450203 20
517770 0.400711 20
514696 0.407180 2
520288 0.493518 20
514271 0.208597 15
524443 0.530908 20
513146 0.430196 20
521483 0.152475 24
525960 0.178466 20
550303 0.344713 13
523691 0.312612 20
518330 0.412604 31
584909 0.195728 6
549334 0.516201 10
532240 0.282829 20
505916 0.505296 20
525498 0.999653 20
500027 0.106235 20
505038 0.667974 20
577333 0.810468 13
506045 0.776285 20
517476 0.445455 20
519357 0.168336 20
514730 0.037028 20
532681 0.508966 20
530786 0.284304 20
510697 0.218191 20
505967 0.454458 20
549241 0.498874 18
506555 0.022651 20
531986 0.629679 20
415781 0.144124 16
505670 0.522420 20
516491 0.598867 20
508972 0.070419 20
527959 0.405765 21
604437 0.270297 29
512256 0.453947 21
507616 0.132210 21
515322 0.323919 21
513363 0.366548 21
514013 1.284089 21
530441 0.586208 21
501702 0.176250 21
521402 0.163928 33
524538 0.315337 21
529976 0.201980 21
521933 0.293749 21
528166 0.395197 21
550255 0.503542 23
514450 0.451844 24
549334 0.158490 27
514691 0.336873 27
517301 0.152504 21
505451 0.360673 21
512116 0.734429 21
518202 0.209895 26
521700 0.470100 21
514450 0.373700 24
504667 0.543603 21
527161 0.682586 21
518008 0.442541 21
527626 0.249839 21
502792 0.299528 21
516821 0.377099 30
396595 0.301001 18
549163 0.509011 11
514410 0.159520 8
584909 0.275735 6
513484 1.383214 21
520935 0.532276 21
514580 0.298050 27
529778 0.082527 21
523711 0.161179 21
526353 0.317151 21
531444 1.333048 21
519289 0.376044 21
514490 0.213900 29
506897 0.317102 21
514970 0.266193 21
550305 0.302032 27
516874 0.744957 21
508493 0.129051 21
510809 0.191841 21
530595 0.009864 21
514691 0.215597 31
509915 0.186530 22
511498 0.076698 22
526615 0.420603 22
527797 0.434749 22
530440 0.288145 22
521818 0.189156 22
508524 0.129432 22
501323 0.330050 22
528596 0.598183 22
532298 1.026917 22
519339 0.272274 22
525953 0.113666 22
549678 0.157968 22
514474 0.510487 7
526163 0.244578 22
563015 0.106956 38
507087 0.471374 22
527284 0.257697 22
517590 0.433656 22
415871 0.525197 19
524801 0.436493 22
502613 0.379626 22
523290 0.318608 22
506162 0.143708 22
539211 0.211831 25
514874 0.396802 17
523001 0.254071 22
524625 0.117271 22
506978 0.804917 22
515200 0.863664 22
507074 0.540801 22
530987 0.321303 22
527691 0.262546 22
500138 0.559111 22
524726 0.172827 22
500502 0.069435 22
523909 0.532476 22
522156 0.162050 22
549163 0.409606 13
516470 0.128051 22
517551 0.699229 22
519720 0.242806 22
550303 0.342110 8
524616 0.148068 22
524854 0.216774 11
510353 0.359891 22
529912 1.329654 22
501146 1.690631 22
518160 0.394277 21
506803 0.547766 23
501440 0.308166 23
510223 0.903372 23
522779 0.388727 23
519209 0.840892 23
531145 0.612104 23
519776 1.360087 23
514691 0.220247 27
604437 0.211486 29
527502 0.654397 23
532694 1.094980 23
521136 0.465760 23
514755 0.235318 24
517118 0.413812 23
509138 0.263804 23
514254 0.420143 28
514454 0.250941 23
529146 0.774699 23
505925 0.280067 23
529740 0.170375 23
519570 0.176791 23
500185 1.625614 23
508728 0.325937 23
526300 1.457573 23
521952 0.187600 23
527333 0.269075 23
514623 0.162787 17
530209 0.121770 23
529046 0.226092 23
514734 0.249595 12
514745 0.232189 33
525123 0.076740 23
603372 0.229839 31
522350 0.295210 23
514801 0.507674 28
500895 0.410221 23
416203 0.255245 26
579411 0.316567 6
513862 0.428872 23
532548 0.304240 23
531939 1.127075 23
530680 0.033942 23
529187 0.119962 20
519287 0.410616 23
529212 0.309325 5
517783 0.220012 23
526271 0.059715 23
515057 0.248569 24
508941 0.170660 23
523556 0.124174 23
528260 0.028064 24
503964 0.358505 24
511563 0.176600 24
522261 0.204888 20
505297 0.193266 24
522051 0.416532 4
513972 0.091997 24
529361 0.046971 24
549253 0.149595 26
513597 0.068102 24
521726 0.406087 24
516527 0.277582 17
508421 1.347566 24
514127 0.897196 24
550247 0.211334 12
549334 0.330874 5
505885 0.415915 24
521675 0.239673 24
600778 0.132360 32
514254 0.247689 28
523811 0.459878 24
531298 1.286539 24
517862 0.298474 29
549678 0.185724 31
519328 0.372004 24
518904 0.180542 24
604437 0.361417 7
515278 0.287983 24
572381 0.223494 23
528421 0.064693 24
514691 0.216773 27
549334 0.273685 8
502546 0.212342 24
514700 0.139046 6
524859 0.435584 31
514186 0.219809 25
516994 0.356439 24
517416 0.529068 24
519907 0.186700 24
530163 0.104402 24
416127 0.294737 22
522814 0.165082 31
522761 0.114206 24
549334 0.338931 25
521877 0.379442 24
521276 1.488665 24
530737 0.347541 24
528156 0.694081 24
506539 0.288607 24
500193 0.352234 24
521688 0.388445 25
517028 0.123510 25
503095 2.360005 25
512626 0.736293 25
529361 0.042980 25
500556 1.130371 25
507235 0.220495 25
524804 0.296218 18
522687 0.893683 25
532194 0.151380 25
515057 0.280142 24
538781 0.175561 41
550293 0.581099 24
531750 0.816597 25
578847 0.346203 34
579361 0.334666 19
549453 0.234904 22
517969 1.240949 25
514271 0.310990 15
514248 0.832209 25
514733 0.698929 25
501131 0.377137 25
508409 0.423104 25
516661 0.242281 29
517367 0.353235 25
514186 0.354207 25
523533 0.209735 25
516938 0.555149 25
523174 0.247132 11
513178 0.227657 25
515304 0.498050 25
514140 0.259808 14
514809 0.404080 25
528648 0.097083 25
519874 0.224734 25
500146 1.003637 25
522561 0.246197 25
508342 0.268095 25
514150 0.664640 25
514691 0.362629 27
516527 0.316159 17
516530 0.371928 21
501939 0.130030 25
508242 0.499727 25
524598 1.129899 25
529279 0.066426 25
522268 0.248445 25
397645 0.301511 28
511977 0.141440 25
510931 0.482955 25
514345 0.245702 26
527033 0.325688 26
563077 0.462646 20
528343 0.313208 26
530675 1.001220 26
500649 0.437306 26
507144 0.222053 26
564571 0.172236 18
511915 0.295349 26
520634 0.273071 26
515058 1.030103 26
514140 0.409014 7
416203 0.178322 36
531400 0.760662 26
514576 0.150715 12
521913 0.607076 26
527621 0.063525 26
501092 0.390116 26
506028 0.036582 26
531445 1.328062 26
503784 0.378812 26
521042 0.247295 26
514930 0.526411 26
501665 2.439346 26
516661 0.310358 29
532490 1.441560 26
509018 0.183838 26
517054 0.420232 26
522675 0.214205 24
532536 0.066647 26
522261 0.363935 30
517315 0.035710 26
505247 0.088722 26
505660 0.118319 26
518420 0.463222 26
517657 0.589948 26
515469 0.176203 26
506794 0.936568 26
510077 0.357129 26
521887 0.142066 26
514863 0.257523 33
502731 0.260542 26
513588 0.420743 26
522411 0.406459 16
550247 0.294686 21
528922 0.265085 26
515477 0.179621 26
515319 0.087765 26
528959 0.030006 26
579411 0.281282 28
528467 0.148147 27
516682 0.668294 27
521769 0.313966 27
504632 1.400254 27
503537 0.785713 27
515788 0.821705 27
514383 0.159715 27
514690 0.311369 19
518008 0.409497 32
539073 0.480375 26
504163 0.162555 27
549334 0.506180 26
532232 0.460878 27
531039 0.926529 27
521772 0.312052 27
514704 0.377627 27
526384 0.323070 27
518382 0.304420 12
516614 0.644144 27
509060 0.465841 27
514874 0.132283 31
538781 0.138631 41
524895 0.220977 27
514754 0.132319 21
526689 0.469191 27
578847 0.226846 12
530490 0.268883 27
504917 0.492993 27
518032 0.449511 27
510979 0.224031 27
510128 0.371787 27
523036 0.897056 27
523892 0.132741 27
518382 0.296691 12
531818 0.281455 27
528166 0.218353 21
522291 0.144284 20
508629 0.468407 27
513320 0.504412 27
509694 0.387882 27
514580 0.142121 27
512747 0.130275 27
525374 0.440265 27
518072 0.459086 28
504821 0.534977 27
529641 0.428279 27
525585 0.163670 27
584909 0.354930 5
521447 0.343328 27
513916 1.547352 27
506014 0.346460 28
516728 0.439194 28
512656 0.171607 28
525505 0.087016 28
530163 0.111904 28
529360 0.129512 28
517049 0.647005 28
532169 0.066960 28
528308 0.312355 28
521913 0.554637 28
516527 0.300976 17
527387 0.198067 28
518304 0.331550 29
509346 0.166060 28
514700 0.312418 6
504882 0.367848 28
600595 0.289643 5
514140 0.204487 12
514679 0.473572 28
519163 0.378046 28
532744 0.732123 28
549453 0.456813 10
518317 0.385547 10
504409 0.678766 28
518375 0.239717 28
529358 0.011754 28
520053 0.310564 28
507041 1.022580 28
527501 0.306776 28
505515 0.197181 28
527738 0.245284 28
514745 0.144291 33
521483 0.442539 24
522693 0.192903 28
518299 0.344547 14
523661 0.588432 28
516271 0.418000 28
531013 0.517649 28
539193 0.129960 35
518332 0.284786 20
512542 0.244020 28
527750 0.312390 28
523296 0.178473 28
501121 1.077183 28
504376 0.152651 28
505241 0.578307 28
524858 0.239854 25
516166 0.173683 28
530409 0.786203 28
517569 0.236460 28
507647 0.620753 29
550303 0.165998 22
513840 0.201555 29
505591 0.150976 29
516442 0.168968 29
549253 0.276332 33
500128 0.777724 29
502888 0.252161 29
509895 1.347442 29
506309 0.185525 29
521952 0.273438 29
501746 0.134170 29
549163 0.357608 11
523188 0.469351 29
517420 0.310747 29
543813 0.232220 29
505137 0.232357 29
522199 0.422502 29
530898 0.154579 29
514450 0.147243 24
526059 0.139656 29
522261 0.144760 20
508342 0.452716 29
519420 0.253156 29
518276 0.349968 22
516213 0.426574 29
506319 0.453028 29
522185 0.218386 29
523837 0.468649 29
506224 0.476595 29
528295 0.663679 29
539193 0.228545 14
510731 0.354323 29
503455 0.739179 29
524895 0.213140 30
514743 0.378923 19
578847 0.269690 31
524837 0.422582 29
503976 1.408215 29
524235 0.381634 29
521006 0.378704 29
521367 0.697019 29
519755 0.278221 29
524555 0.126779 29
523057 0.343459 29
500096 0.563347 29
522573 0.534577 12
539011 0.198984 38
532310 0.651957 29
502750 0.327549 29
