1000
501216 0.064056 10
516704 0.365659 10
511254 1.158937 10
549929 0.218690 14
521456 0.176504 30
532505 0.102418 10
516513 0.156332 10
549678 0.253939 31
514863 0.411228 33
517984 0.427099 20
507121 0.342745 10
506470 0.316809 10
525857 0.140512 10
511409 0.059972 10
506401 0.195591 10
550247 0.177482 12
396861 0.124024 41
519867 0.365522 10
578847 0.257215 27
518834 0.204747 10
528980 0.362122 10
517391 0.382673 10
514658 0.152708 14
517635 0.275729 10
513079 0.240772 10
517251 0.278029 10
505347 0.149431 10
501580 0.488245 10
501598 0.255934 10
505637 0.465511 10
518121 1.067921 10
509540 0.395374 10
514490 0.373850 18
518168 0.151114 27
550303 0.416397 16
523796 0.357310 10
502314 0.237820 10
522275 0.340454 10
506725 0.274591 10
514203 0.237026 10
532760 0.067221 10
564509 0.116971 36
514736 0.116252 16
502828 0.090444 10
501983 0.197922 10
511867 0.677682 10
519207 0.205019 10
549334 0.402944 26
500310 1.330791 10
523471 0.327144 10
532351 0.032918 11
514745 0.106648 7
518888 0.328706 11
603372 0.223759 19
516712 0.227440 11
509139 0.443705 11
549678 0.182646 28
504862 0.313075 11
508186 0.316709 11
511757 0.210475 11
514467 0.219591 22
524092 0.114121 11
504737 0.703764 11
514581 0.234647 11
515225 0.196357 11
513432 0.561989 11
505440 0.250325 11
506456 0.181311 11
513237 0.197580 11
521926 0.302156 11
504460 0.563554 11
549678 0.141599 31
503152 0.079903 11
514714 0.112157 21
514690 0.156860 25
526839 0.634581 11
581951 0.202675 34
516847 0.800551 11
524064 0.317678 11
521456 0.324861 30
527714 0.181176 11
521621 1.019872 11
511640 0.216055 11
513866 0.680135 11
522411 0.258170 16
514270 0.246346 31
518276 0.222188 22
549253 0.269423 22
519031 0.174822 11
526201 0.243795 11
520187 0.238440 11
510706 0.088005 11
520649 0.686840 11
510748 0.182145 11
522256 0.370051 30
600773 0.116228 40
584909 0.169138 19
514841 0.218807 20
524782 0.526732 11
502993 0.511550 11
526688 0.399555 12
524355 0.183666 12
511318 0.757104 12
502151 0.438285 12
509040 0.303702 12
565079 0.191281 35
520396 0.225095 12
564509 0.169615 36
514857 0.407151 12
506955 0.300504 12
549334 0.380062 11
578847 0.263587 5
504741 0.343880 12
521547 0.275256 12
518451 0.231436 12
513781 0.579217 12
514737 0.220726 22
550303 0.264092 29
518540 1.114578 12
525964 0.255740 12
550303 0.278294 16
510678 0.472392 12
528615 0.107398 12
563015 0.246364 38
506934 0.306604 12
519941 0.981950 12
519563 0.369127 12
514466 0.225346 9
514715 0.119041 26
514863 0.318801 33
509208 0.243738 12
517567 0.321119 12
514623 0.320635 17
518330 0.149851 31
512515 0.099791 12
501336 0.541809 12
532566 0.193020 12
531417 0.935842 12
523286 0.103346 12
510621 0.132074 12
519989 0.599888 12
511953 1.472205 12
416203 0.109969 26
504339 0.128621 12
532319 0.370050 12
514099 0.297300 12
502907 0.127930 12
515382 0.175062 12
512543 0.323436 12
517537 0.528116 12
508291 0.917038 13
514548 0.625333 13
522368 0.173435 32
502388 0.151890 13
539103 0.143138 20
549334 0.325119 19
516721 0.551205 13
524088 0.608324 13
526397 0.018238 13
539193 0.147555 24
512509 0.447919 13
513837 0.071812 13
515612 0.108495 13
505187 0.165539 13
530708 0.118930 13
516530 0.220738 21
509652 0.150150 13
517735 0.254009 13
506724 0.348580 13
511535 0.842282 13
526027 1.079940 13
503287 0.125621 13
530481 0.157182 13
522368 0.195747 32
531521 0.539148 13
512315 0.174770 13
531153 0.661765 13
506508 0.106192 13
530373 0.090591 13
514636 0.211631 13
506672 0.812598 13
514690 0.172293 19
514460 0.293217 33
525497 0.325476 13
511566 0.101889 13
529043 0.043577 13
521457 0.184314 3
514734 0.300390 12
501436 0.236079 13
511988 0.220558 13
502210 0.487683 13
522291 0.183947 20
525603 0.776516 13
501718 0.362724 13
578847 0.234330 5
514466 0.101060 9
514237 0.204007 13
526416 0.543005 13
520711 0.155988 13
516594 0.152624 13
511961 0.392053 14
505639 0.151714 14
524076 0.354836 14
523863 0.346003 14
505947 0.379531 14
604437 0.149865 29
528775 1.261963 14
510961 0.482785 14
503866 0.073326 14
521456 0.213298 30
507466 0.190345 14
523896 0.118984 14
501249 1.591588 14
550255 0.237726 23
564265 0.252806 26
532251 0.081322 14
539193 0.144207 32
503667 0.413530 14
549253 0.329852 33
524837 0.223599 4
527190 0.348232 14
521593 0.295294 14
526426 0.213129 14
505268 0.294410 14
511839 0.408108 14
506449 0.991209 14
510647 0.300295 14
514691 0.264041 31
578847 0.123591 34
501681 0.278717 14
514068 0.207383 30
512316 0.073503 14
514037 0.220682 14
416203 0.104940 38
539193 0.296328 27
515069 0.369749 14
520693 0.939996 14
504283 0.456874 14
530177 0.269970 14
502387 0.260668 14
579411 0.296616 18
503441 0.097124 14
549453 0.292874 13
506360 0.375225 14
518002 0.200471 8
511143 0.120929 14
549678 0.143620 22
524635 0.189935 14
519446 0.122044 14
514068 0.155888 30
517642 0.225941 15
503133 0.436803 15
512640 0.173028 15
549334 0.280749 26
531013 0.422762 15
503093 0.181946 15
531187 0.074552 15
529212 0.204905 5
531150 0.133117 15
528141 0.314518 15
516844 0.625277 15
549209 0.370350 22
509081 0.461131 15
502914 0.221550 15
522936 0.298724 12
531963 0.155460 15
504303 0.508034 15
518331 0.199337 18
501566 0.325731 15
514717 0.158064 23
514410 0.221236 8
505091 0.180425 15
528882 0.113015 15
506046 0.880190 15
521735 0.148537 15
550255 0.302852 23
514700 0.187065 8
507335 0.477985 15
528511 0.169125 15
508856 0.281042 15
521190 0.396387 15
522360 0.274487 15
528096 0.154031 22
524858 0.203653 25
523896 0.175447 15
511967 0.241815 15
529860 0.241575 15
503012 0.337941 15
528926 0.217350 15
549334 0.315921 28
506303 0.852004 15
515077 0.212416 15
549929 0.304017 14
527104 0.437985 15
505974 0.194437 15
502790 0.535457 15
519204 0.314419 15
521302 0.301127 15
526545 0.339295 15
524311 0.207176 15
522411 0.313734 16
550306 0.318798 17
519055 0.591797 16
521184 0.376153 16
504512 0.572820 16
515585 0.140486 25
508862 0.140476 16
514160 0.183119 9
525953 0.260220 22
507231 0.188722 16
507718 0.206669 16
507506 0.120198 16
514044 0.161068 16
507164 0.291168 16
511839 0.323628 16
549334 0.291761 8
512384 0.239373 16
519488 0.234178 16
514691 0.307699 31
515327 0.116050 16
532256 0.310638 16
549334 0.347898 11
509388 0.180058 16
514700 0.196170 8
527000 0.129481 16
549253 0.344686 27
523191 0.342372 16
509959 0.250382 16
502966 0.436881 16
504403 0.365104 16
525919 0.318309 16
509708 0.026553 16
511454 0.402732 16
522328 0.173990 16
501538 0.199619 16
385213 0.151301 25
530054 0.007510 16
522923 0.868109 16
509361 0.212104 16
531194 2.286237 16
528314 0.219523 16
522383 0.221689 29
530576 0.250836 16
526794 0.258612 16
521114 0.879594 16
550247 0.374090 12
531866 0.293924 16
531805 0.773941 16
514826 0.191700 24
503914 0.510531 16
579411 0.160963 28
539211 0.169065 25
522064 0.327148 28
527209 0.312612 17
531764 0.162315 17
523798 0.326355 17
532253 0.225274 17
578847 0.257830 9
529563 0.701710 17
518160 0.304495 21
510447 0.037465 17
549453 0.146459 12
514264 0.123182 17
539011 0.126418 38
508852 0.265145 17
514467 0.188521 22
514690 0.225209 25
514965 0.213145 24
526211 0.266536 17
502507 0.422560 17
522783 0.341819 17
529999 0.218307 17
505095 0.303806 17
506108 0.623139 17
508574 0.173987 17
523775 0.562416 17
516351 0.215580 17
517097 0.119413 17
511969 0.106959 17
514514 0.562047 17
505278 0.432329 17
519581 0.114804 17
542791 0.148834 24
514444 0.364541 29
517035 0.232841 17
565079 0.275409 35
515640 0.012984 17
522411 0.152012 16
516545 0.320821 17
579361 0.201294 19
510306 0.932608 17
521856 0.089284 17
523792 0.196929 17
513584 0.070596 17
519804 0.510888 17
516102 0.114628 17
507450 0.945235 17
514092 0.214814 9
543545 0.285190 30
550268 0.181737 17
528376 0.392159 18
532573 0.049782 18
532296 2.267877 18
522035 0.289154 7
510355 0.657557 18
514704 0.135435 11
500655 0.116963 18
504657 0.210517 18
522859 0.368546 18
515729 0.103496 18
514218 0.239232 8
503020 1.992923 18
527219 0.232573 18
506138 0.455497 18
532607 0.265723 18
516705 0.227978 18
503731 0.603827 18
507228 0.078786 18
517910 0.264369 18
549453 0.134234 22
500932 0.395561 18
531148 1.132608 18
572559 0.253163 14
549929 0.172620 21
508760 0.197500 18
529553 0.121852 18
521612 0.427178 18
504459 0.194730 18
518087 0.159964 22
581581 0.213659 7
518672 0.728451 18
515928 0.821608 18
522787 0.341070 18
549241 0.317128 18
504684 0.178574 18
530170 0.121937 18
507806 0.111977 18
516478 0.520564 18
549209 0.251419 22
524800 0.444516 18
514590 0.355646 18
524949 0.309752 19
514448 0.488083 18
518317 0.294530 10
528696 0.236605 18
517920 0.239705 18
530846 0.290305 18
517810 0.080443 18
518273 0.290488 13
521390 0.394122 18
579361 0.265815 19
522558 0.182427 19
522855 0.226168 19
521246 0.132038 19
515994 0.614418 19
522735 0.688402 19
550227 0.144598 18
519059 0.157252 19
515142 0.214632 19
578847 0.243784 5
526932 0.345920 19
506090 0.123057 19
522116 0.118508 23
514722 0.224694 31
542562 0.223447 29
527316 0.184325 19
521419 0.261237 19
507088 0.319884 19
510312 0.245600 19
502069 0.689283 19
549334 0.422592 17
579361 0.118477 19
514649 0.657709 19
514745 0.231844 5
527736 0.129964 19
514064 0.338978 19
549334 0.440232 10
518150 0.366932 9
524752 0.756852 19
500912 1.239071 19
503432 0.222494 19
511381 0.092871 19
579411 0.253770 6
518582 0.135382 19
505065 0.309392 19
605443 0.361146 12
527755 0.018138 19
520226 0.149959 19
502365 0.192151 19
501622 0.264863 19
512236 0.248595 19
514709 0.287669 18
550222 0.262434 16
514418 0.151512 25
522245 0.159475 19
525668 0.475769 19
515232 0.249666 19
522841 0.145504 19
516518 0.058424 19
523258 0.527300 19
514354 0.633669 20
514277 0.421986 20
511861 0.256486 20
527478 0.093946 20
529755 0.267432 20
539217 0.334062 31
515691 0.176631 20
520346 1.212980 20
521712 0.985876 20
514722 0.320256 31
511830 0.228672 20
509083 0.165551 20
521686 0.262427 20
550247 0.244819 21
532310 0.602228 20
517028 0.339036 20
517770 0.307591 20
514696 0.309303 2
520288 0.398512 20
514271 0.173864 15
524443 0.404288 20
513146 0.340647 20
521483 0.138950 24
525960 0.155327 20
550303 0.276258 13
523691 0.255158 20
518330 0.317019 31
584909 0.161985 6
549334 0.396034 10
532240 0.212453 20
505916 0.384464 20
525498 0.761535 20
500027 0.087673 20
505038 0.638616 20
577333 0.609112 13
506045 0.590874 20
517476 0.338120 20
519357 0.157974 20
514730 0.035935 20
532681 0.399010 20
530786 0.219086 20
510697 0.171010 20
505967 0.353672 20
549241 0.375732 18
506555 0.019300 20
531986 0.475636 20
415781 0.131533 16
505670 0.438080 20
516491 0.454445 20
508972 0.060746 20
527959 0.310010 21
604437 0.213948 29
512256 0.342131 21
507616 0.105690 21
515322 0.251946 21
513363 0.328115 21
514013 0.965259 21
530441 0.458155 21
501702 0.155750 21
521402 0.153985 33
524538 0.252525 21
529976 0.154703 21
521933 0.236732 21
528166 0.299565 21
550255 0.392744 23
514450 0.341830 24
549334 0.157560 27
514691 0.261032 27
517301 0.120119 21
505451 0.331799 21
512116 0.551269 21
518202 0.181330 26
521700 0.391800 21
514450 0.289734 24
504667 0.409052 21
527161 0.590507 21
518008 0.334127 21
527626 0.189509 21
502792 0.243185 21
516821 0.303499 30
396595 0.238017 18
549163 0.387641 11
514410 0.143147 8
584909 0.215324 6
513484 1.037792 21
520935 0.415651 21
514580 0.241550 27
529778 0.080368 21
523711 0.150453 21
526353 0.252234 21
531444 1.021499 21
519289 0.289746 21
514490 0.188000 29
506897 0.270601 21
514970 0.215112 21
550305 0.243655 27
516874 0.578838 21
508493 0.114134 21
510809 0.168794 21
530595 0.009126 21
514691 0.180181 31
509915 0.165504 22
511498 0.074932 22
526615 0.320552 22
527797 0.373382 22
530440 0.259446 22
521818 0.169104 22
508524 0.108888 22
501323 0.319983 22
528596 0.488288 22
532298 0.786811 22
519339 0.220466 22
525953 0.111777 22
549678 0.133662 22
514474 0.384475 7
526163 0.216902 22
563015 0.099104 38
507087 0.400499 22
527284 0.225348 22
517590 0.333454 22
415871 0.401581 19
524801 0.343746 22
502613 0.303884 22
523290 0.250706 22
506162 0.113506 22
539211 0.186621 25
514874 0.300235 17
523001 0.248280 22
524625 0.099980 22
506978 0.616762 22
515200 0.678626 22
507074 0.428084 22
530987 0.297252 22
527691 0.198181 22
500138 0.457641 22
524726 0.166668 22
500502 0.054690 22
523909 0.434234 22
522156 0.146933 22
549163 0.321371 13
516470 0.121967 22
517551 0.531903 22
519720 0.196220 22
550303 0.274524 8
524616 0.139762 22
524854 0.187966 11
510353 0.280827 22
529912 0.999286 22
501146 1.273537 22
518160 0.303801 21
506803 0.445877 23
501440 0.239044 23
510223 0.700698 23
522779 0.335651 23
519209 0.630944 23
531145 0.496519 23
519776 1.047025 23
514691 0.183282 27
604437 0.174740 29
527502 0.491215 23
532694 0.844936 23
521136 0.354707 23
514755 0.192629 24
517118 0.314675 23
509138 0.233919 23
514254 0.316545 28
514454 0.208044 23
529146 0.636316 23
505925 0.229161 23
529740 0.131584 23
519570 0.134660 23
500185 1.224393 23
508728 0.308441 23
526300 1.134015 23
521952 0.165967 23
527333 0.221833 23
514623 0.144575 17
530209 0.111480 23
529046 0.202428 23
514734 0.204446 12
514745 0.190142 33
525123 0.074760 23
603372 0.185826 31
522350 0.272756 23
514801 0.383599 28
500895 0.330480 23
416203 0.196363 26
579411 0.244145 6
513862 0.330465 23
532548 0.236977 23
531939 0.979434 23
530680 0.032428 23
529187 0.113975 20
519287 0.334194 23
529212 0.236267 5
517783 0.184274 23
526271 0.045260 23
515057 0.202913 24
508941 0.149223 23
523556 0.121233 23
528260 0.026509 24
503964 0.278453 24
511563 0.165084 24
522261 0.170942 20
505297 0.159394 24
522051 0.318638 4
513972 0.081381 24
529361 0.043564 24
549253 0.142030 26
513597 0.057602 24
521726 0.313724 24
516527 0.222355 17
508421 1.019277 24
514127 0.733231 24
550247 0.199490 12
549334 0.272483 5
505885 0.316377 24
521675 0.197932 24
600778 0.119140 32
514254 0.201576 28
523811 0.349085 24
531298 0.965143 24
517862 0.237232 29
549678 0.152166 31
519328 0.310102 24
518904 0.173662 24
604437 0.274694 7
515278 0.254239 24
572381 0.186246 23
528421 0.052529 24
514691 0.180966 27
549334 0.234357 8
502546 0.192312 24
514700 0.129147 6
524859 0.328039 31
514186 0.186389 25
516994 0.281076 24
517416 0.438362 24
519907 0.156367 24
530163 0.080052 24
416127 0.243041 22
522814 0.145005 31
522761 0.112988 24
549334 0.277854 25
521877 0.286961 24
521276 1.117693 24
530737 0.268744 24
528156 0.542121 24
506539 0.226005 24
500193 0.265923 24
521688 0.294514 25
517028 0.121240 25
503095 1.822187 25
512626 0.579362 25
529361 0.040904 25
500556 0.882781 25
507235 0.185896 25
524804 0.238729 18
522687 0.673289 25
532194 0.119920 25
515057 0.223961 24
538781 0.158841 41
550293 0.449099 24
531750 0.616498 25
578847 0.261902 34
579361 0.261461 19
549453 0.195253 22
517969 0.965600 25
514271 0.242127 15
514248 0.707956 25
514733 0.545553 25
501131 0.306375 25
508409 0.323470 25
516661 0.201971 29
517367 0.273090 25
514186 0.275988 25
523533 0.180424 25
516938 0.419349 25
523174 0.194055 11
513178 0.187071 25
515304 0.381733 25
514140 0.208055 14
514809 0.306237 25
528648 0.079472 25
519874 0.190673 25
500146 0.862741 25
522561 0.245831 25
508342 0.219630 25
514150 0.581043 25
514691 0.278203 27
516527 0.248073 17
516530 0.285102 21
501939 0.104037 25
508242 0.410502 25
524598 0.861116 25
529279 0.060284 25
522268 0.212980 25
397645 0.241058 28
511977 0.128344 25
510931 0.362870 25
514345 0.189551 26
527033 0.282126 26
563077 0.359030 20
528343 0.253305 26
530675 0.778130 26
500649 0.330637 26
507144 0.169086 26
564571 0.149924 18
511915 0.222449 26
520634 0.207097 26
515058 0.796536 26
514140 0.307526 7
416203 0.145081 36
531400 0.579308 26
514576 0.139727 12
521913 0.471718 26
527621 0.058700 26
501092 0.302127 26
506028 0.031788 26
531445 1.018175 26
503784 0.354191 26
521042 0.202063 26
514930 0.459091 26
501665 2.274080 26
516661 0.247356 29
532490 1.083140 26
509018 0.163459 26
517054 0.317455 26
522675 0.180103 24
532536 0.052531 26
522261 0.276973 30
517315 0.029306 26
505247 0.088198 26
505660 0.117180 26
518420 0.405615 26
517657 0.483498 26
515469 0.154419 26
506794 0.713429 26
510077 0.273736 26
521887 0.133161 26
514863 0.217482 33
502731 0.221245 26
513588 0.329445 26
522411 0.306973 16
550247 0.255057 21
528922 0.224373 26
515477 0.167498 26
515319 0.073260 26
528959 0.028654 26
579411 0.220622 28
528467 0.117514 27
516682 0.554529 27
521769 0.249861 27
504632 1.050203 27
503537 0.597258 27
515788 0.621653 27
514383 0.144877 27
514690 0.244029 19
518008 0.312098 32
539073 0.360650 26
504163 0.126820 27
549334 0.389353 26
532232 0.354202 27
531039 0.720636 27
521772 0.247735 27
514704 0.291201 27
526384 0.247630 27
518382 0.244097 12
516614 0.506629 27
509060 0.350361 27
514874 0.123888 31
538781 0.134220 41
524895 0.182118 27
514754 0.123962 21
526689 0.359444 27
578847 0.182331 12
530490 0.217855 27
504917 0.417712 27
518032 0.358424 27
510979 0.184854 27
510128 0.339408 27
523036 0.704988 27
523892 0.130644 27
518382 0.238944 12
531818 0.258736 27
528166 0.181669 21
522291 0.134340 20
508629 0.408921 27
513320 0.402124 27
509694 0.311788 27
514580 0.137597 27
512747 0.099050 27
525374 0.331610 27
518072 0.349057 28
504821 0.401902 27
529641 0.325319 27
525585 0.124864 27
584909 0.268120 5
521447 0.269836 27
513916 1.179768 27
506014 0.275173 28
516728 0.331946 28
512656 0.152455 28
525505 0.085461 28
530163 0.085053 28
529360 0.098591 28
517049 0.495437 28
532169 0.051640 28
528308 0.240737 28
521913 0.436758 28
516527 0.237951 17
527387 0.149544 28
518304 0.260283 29
509346 0.153157 28
514700 0.244728 6
504882 0.283532 28
600595 0.244645 5
514140 0.171174 12
514679 0.373715 28
519163 0.295131 28
532744 0.697332 28
549453 0.343192 10
518317 0.295082 10
504409 0.530061 28
518375 0.200311 28
529358 0.008836 28
520053 0.248193 28
507041 0.772270 28
527501 0.242267 28
505515 0.159554 28
527738 0.184523 28
514745 0.131544 33
521483 0.332326 24
522693 0.166652 28
518299 0.270848 14
523661 0.464638 28
516271 0.320967 28
531013 0.422249 28
539193 0.123740 35
518332 0.227558 20
512542 0.216330 28
527750 0.248510 28
523296 0.141832 28
501121 0.835922 28
504376 0.122818 28
505241 0.482288 28
524858 0.197553 25
516166 0.156738 28
530409 0.606335 28
517569 0.197290 28
507647 0.483235 29
550303 0.157115 22
513840 0.152420 29
505591 0.138950 29
516442 0.156045 29
549253 0.226522 33
500128 0.604982 29
502888 0.201907 29
509895 1.086444 29
506309 0.161533 29
521952 0.223192 29
501746 0.123247 29
549163 0.286705 11
523188 0.430050 29
517420 0.257064 29
543813 0.196163 29
505137 0.193954 29
522199 0.360918 29
530898 0.122603 29
514450 0.138762 24
526059 0.137354 29
522261 0.130857 20
508342 0.342711 29
519420 0.194920 29
518276 0.274812 22
516213 0.321233 29
506319 0.342369 29
522185 0.187741 29
523837 0.354583 29
506224 0.385930 29
528295 0.524753 29
539193 0.189463 14
510731 0.342615 29
503455 0.584336 29
524895 0.176893 30
514743 0.290716 19
578847 0.210893 31
524837 0.320021 29
503976 1.069710 29
524235 0.317623 29
521006 0.294670 29
521367 0.540779 29
519755 0.227630 29
524555 0.124570 29
523057 0.342073 29
500096 0.462065 29
522573 0.400934 12
539011 0.174106 38
532310 0.509988 29
502750 0.247416 29
