1000
501216 0.077712 10
516704 0.594368 10
511254 1.923373 10
564509 0.155159 36
514444 0.271939 29
532505 0.155936 10
516513 0.199113 10
514606 0.566754 4
514450 0.607276 24
524858 0.550155 25
507121 0.545689 10
506470 0.526669 10
525857 0.165824 10
511409 0.096845 10
506401 0.268482 10
539103 0.097531 20
603372 0.141796 23
519867 0.570694 10
572567 0.419776 42
518834 0.307494 10
528980 0.584744 10
517391 0.543196 10
525956 0.202600 19
517635 0.434759 10
513079 0.347594 10
517251 0.444008 10
505347 0.222211 10
501580 0.711741 10
501598 0.321968 10
505637 0.640771 10
518121 1.724242 10
509540 0.548647 10
515637 0.660662 21
539193 0.177686 27
549678 0.423232 31
523796 0.579471 10
502314 0.285439 10
522275 0.546209 10
506725 0.410583 10
514203 0.372203 10
532760 0.080743 10
522065 0.243267 12
518085 0.096690 25
502828 0.096588 10
501983 0.286943 10
511867 1.001663 10
519207 0.306239 10
525956 0.457887 19
500310 2.193283 10
523471 0.529189 10
532351 0.052185 11
528096 0.103302 5
518888 0.521662 11
549253 0.453775 28
516712 0.335930 11
509139 0.713261 11
516825 0.421103 16
504862 0.512449 11
508186 0.512369 11
511757 0.217700 11
549163 0.620894 11
524092 0.185041 11
504737 1.163178 11
514581 0.340743 11
515225 0.286364 11
513432 0.864029 11
505440 0.310450 11
506456 0.290772 11
513237 0.259860 11
521926 0.488962 11
504460 0.937809 11
514869 0.309280 5
503152 0.109856 11
515057 0.117644 19
605443 0.293519 12
526839 1.043712 11
572381 0.491015 23
516847 1.326001 11
524064 0.511156 11
514700 0.541265 25
527714 0.202753 11
521621 1.645545 11
511640 0.333410 11
513866 1.084420 11
518087 0.508724 13
396595 0.416745 30
549253 0.326042 29
550240 0.333063 16
519031 0.226194 11
526201 0.368940 11
520187 0.345030 11
510706 0.124410 11
520649 1.059430 11
510748 0.257939 11
522112 0.441033 18
551659 0.205293 13
550303 0.359472 20
522157 0.297490 17
524782 0.838813 11
502993 0.735249 11
526688 0.659160 12
524355 0.269233 12
511318 1.236408 12
502151 0.680970 12
509040 0.362304 12
579411 0.286761 28
520396 0.316240 12
514092 0.337828 9
514857 0.646901 12
506955 0.500058 12
514690 0.424494 27
521402 0.623607 33
504741 0.516761 12
521547 0.420461 12
514177 0.318147 17
513781 0.857534 12
524804 0.394313 21
522496 0.329399 21
518540 1.817705 12
525964 0.395680 12
518200 0.360199 20
510678 0.785185 12
528615 0.114296 12
514658 0.526384 29
506934 0.435608 12
519941 1.547650 12
519563 0.520154 12
523174 0.388826 11
545661 0.134370 23
584909 0.344025 19
509208 0.389977 12
517567 0.388588 12
551659 0.625546 29
539103 0.132202 20
512515 0.135832 12
501336 0.875567 12
532566 0.218939 12
531417 1.456633 12
523286 0.104993 12
510621 0.208198 12
519989 0.909676 12
511953 2.160210 12
549678 0.152937 31
504339 0.156442 12
532319 0.530401 12
514099 0.476850 12
502907 0.137509 12
515382 0.233875 12
512543 0.485922 12
517537 0.856582 12
508291 1.524627 13
514548 1.014415 13
514271 0.230443 15
502388 0.165180 13
549453 0.230902 12
522112 0.288242 31
516721 0.903810 13
524088 0.856198 13
526397 0.019376 13
578857 0.401064 20
512509 0.733237 13
513837 0.093073 13
515612 0.146789 13
505187 0.247679 13
530708 0.155660 13
549453 0.343352 12
509652 0.248700 13
517735 0.397768 13
506724 0.558560 13
511535 1.234265 13
526027 1.647031 13
503287 0.137692 13
530481 0.218814 13
524854 0.341507 27
531521 0.886897 13
512315 0.282790 13
531153 0.887180 13
506508 0.128084 13
530373 0.135583 13
514636 0.302812 13
506672 1.291745 13
579411 0.213616 28
579243 0.448597 11
525497 0.526902 13
511566 0.141077 13
529043 0.062554 13
514709 0.293995 18
549453 0.494304 22
501436 0.371207 13
511988 0.315716 13
502210 0.720966 13
603372 0.216574 10
525603 1.277782 13
501718 0.541998 13
539193 0.447778 35
396595 0.160483 18
514237 0.293863 13
526416 0.887860 13
520711 0.221376 13
516594 0.251397 13
511961 0.596307 14
505639 0.184928 14
524076 0.456171 14
523863 0.572607 14
505947 0.631712 14
578857 0.476060 20
528775 1.302326 14
510961 0.693919 14
503866 0.118002 14
518003 0.391513 18
507466 0.289191 14
523896 0.123219 14
501249 2.614826 14
514270 0.185621 31
549253 0.576633 26
532251 0.119443 14
514868 0.211247 18
503667 0.547460 14
524504 0.585077 27
514218 0.305835 28
527190 0.401263 14
521593 0.461588 14
526426 0.332209 14
505268 0.453070 14
511839 0.649866 14
506449 1.402519 14
510647 0.473391 14
528771 0.510061 34
539679 0.192722 29
501681 0.337535 14
550255 0.478916 31
512316 0.079205 14
514037 0.356313 14
524810 0.196919 22
550303 0.602669 23
515069 0.515397 14
520693 1.473342 14
504283 0.665499 14
530177 0.434640 14
502387 0.308786 14
521533 0.587197 2
503441 0.122998 14
551659 0.514164 13
506360 0.505499 14
549678 0.168106 17
511143 0.141207 14
518087 0.319867 13
524635 0.258371 14
519446 0.202538 14
514705 0.219550 32
517642 0.349732 15
503133 0.573005 15
512640 0.220657 15
549334 0.405799 19
531013 0.614074 15
503093 0.228143 15
531187 0.102453 15
539193 0.394656 30
531150 0.164083 15
528141 0.505137 15
516844 1.024654 15
518317 0.552131 10
509081 0.477212 15
502914 0.340801 15
514874 0.435620 17
531963 0.217021 15
504303 0.612268 15
549253 0.275099 25
501566 0.530562 15
523028 0.215479 26
518343 0.320792 4
505091 0.181000 15
528882 0.115780 15
506046 1.200881 15
521735 0.173024 15
550247 0.446360 12
514490 0.329794 29
507335 0.760069 15
528511 0.188699 15
508856 0.423484 15
521190 0.578273 15
522360 0.433624 15
550255 0.344999 23
549678 0.221647 22
523896 0.236145 15
511967 0.399329 15
529860 0.358951 15
503012 0.523781 15
528926 0.324749 15
542562 0.279355 29
506303 1.132208 15
515077 0.297333 15
518313 0.369259 20
527104 0.676170 15
505974 0.268875 15
502790 0.887914 15
519204 0.414189 15
521302 0.481505 15
526545 0.472340 15
524311 0.287753 15
565493 0.865780 16
393245 0.390791 33
519055 0.967893 16
521184 0.621206 16
504512 0.900239 16
514140 0.225698 12
508862 0.156753 16
514658 0.206730 14
549678 0.324797 31
507231 0.241693 16
507718 0.301288 16
507506 0.198546 16
514044 0.196736 16
507164 0.454986 16
511839 0.480906 16
603372 0.268728 19
512384 0.317946 16
519488 0.351956 16
514745 0.490776 33
515327 0.131450 16
532256 0.493326 16
564265 0.316356 26
509388 0.229465 16
514444 0.315210 9
527000 0.175712 16
514418 0.590395 25
523191 0.563243 16
509959 0.388714 16
502966 0.552913 16
504403 0.550358 16
525919 0.516468 16
509708 0.037656 16
511454 0.652464 16
522328 0.238330 16
501538 0.250738 16
581581 0.511633 7
530054 0.009619 16
522923 1.418068 16
509361 0.273608 16
531194 3.548424 16
528314 0.359397 16
550240 0.263669 16
530576 0.414973 16
526794 0.323275 16
521114 1.460388 16
538781 0.408285 13
531866 0.454047 16
531805 0.934832 16
522065 0.431749 21
503914 0.778962 16
514691 0.245158 31
515057 0.165458 24
578847 0.368644 29
527209 0.414775 17
531764 0.263280 17
523798 0.414660 17
532253 0.311948 17
514737 0.477362 22
529563 1.104619 17
529187 0.403633 20
510447 0.041631 17
565079 0.150183 35
514264 0.141964 17
514826 0.092838 24
508852 0.391689 17
550305 0.448872 30
578857 0.757462 20
550303 0.416862 20
526211 0.373622 17
502507 0.564469 17
522783 0.450689 17
529999 0.274464 17
505095 0.469012 17
506108 0.992328 17
508574 0.284825 17
523775 0.891881 17
516351 0.284460 17
517097 0.177777 17
511969 0.110718 17
514514 0.898795 17
505278 0.677457 17
519581 0.130308 17
524949 0.315706 27
605443 0.783036 19
517035 0.352882 17
539067 0.488970 15
515640 0.020867 17
514623 0.196296 17
516545 0.527642 17
579411 0.248176 28
510306 1.519316 17
521856 0.124567 17
523792 0.274757 17
513584 0.110742 17
519804 0.786726 17
516102 0.124855 17
507450 1.518321 17
396843 0.337794 29
603372 0.288778 29
522760 0.300310 35
528376 0.565168 18
532573 0.080063 18
532296 3.766855 18
549334 0.621869 10
510355 1.025315 18
549334 0.200654 16
500655 0.182326 18
504657 0.318734 18
522859 0.505642 18
515729 0.144292 18
514691 0.385402 31
503020 3.319096 18
527219 0.350697 18
506138 0.724994 18
532607 0.353246 18
516705 0.319005 18
503731 0.965855 18
507228 0.124271 18
517910 0.416837 18
584909 0.124302 7
500932 0.584872 18
531148 1.792566 18
518299 0.156972 14
550247 0.224419 14
508760 0.298851 18
529553 0.163753 18
521612 0.637156 18
504459 0.235109 18
518382 0.170085 12
514682 0.184006 15
518672 1.209103 18
515928 1.316216 18
522787 0.460141 18
600773 0.346287 40
504684 0.259647 18
530170 0.181325 18
507806 0.123154 18
516478 0.807428 18
416203 0.232851 26
524800 0.730783 18
514590 0.587392 18
539215 0.389036 39
514448 0.672565 18
600778 0.385670 27
528696 0.310310 18
517920 0.353110 18
530846 0.436911 18
517810 0.105835 18
514160 0.481325 9
514462 0.642162 12
549453 0.419838 13
522558 0.246803 19
522855 0.335636 19
521246 0.132826 19
515994 0.904237 19
522735 1.142804 19
514654 0.240280 12
519059 0.204555 19
515142 0.285713 19
514186 0.505195 25
526932 0.516491 19
506090 0.178315 19
396857 0.208695 18
518073 0.407770 17
514444 0.474057 29
527316 0.251050 19
521419 0.397224 19
507088 0.512418 19
510312 0.343599 19
502069 1.113817 19
528096 0.452350 5
415781 0.112685 38
514649 1.077969 19
522675 0.377366 10
527736 0.149079 19
514064 0.559006 19
514690 0.509011 25
549334 0.766515 26
524752 1.243404 19
500912 2.050792 19
503432 0.367439 19
511381 0.094392 19
393263 0.504441 25
518582 0.142064 19
505065 0.476584 19
524895 0.375748 18
527755 0.025327 19
520226 0.177218 19
502365 0.230402 19
501622 0.439875 19
512236 0.376890 19
584909 0.344850 7
539193 0.426616 24
578847 0.118953 34
522245 0.206001 19
525668 0.696688 19
515232 0.255133 19
522841 0.163207 19
516518 0.082198 19
523258 0.730000 19
514354 1.055088 20
514277 0.569621 20
511861 0.418471 20
527478 0.132992 20
529755 0.427614 20
514700 0.478890 6
515691 0.230112 20
520346 2.011961 20
521712 1.565103 20
514722 0.532513 4
511830 0.366593 20
509083 0.211701 20
521686 0.370954 20
549334 0.277956 28
532310 0.978406 20
517028 0.561371 20
517770 0.493831 20
549253 0.564435 19
520288 0.588524 20
416203 0.183196 26
524443 0.657527 20
513146 0.519744 20
514140 0.155096 14
565079 0.181916 35
549678 0.252170 28
523691 0.370066 20
517862 0.463366 29
522157 0.283378 17
516548 0.511915 13
532240 0.353206 20
505916 0.626128 20
525498 1.237770 20
500027 0.124797 20
505038 0.697332 20
522411 0.529443 16
506045 0.961697 20
517476 0.552790 20
519357 0.178699 20
514730 0.038121 20
532681 0.618921 20
530786 0.349522 20
510697 0.265371 20
505967 0.555244 20
550247 0.844729 15
506555 0.026001 20
531986 0.783722 20
547171 0.211312 26
505670 0.606760 20
516491 0.743289 20
508972 0.080091 20
527959 0.501520 21
584909 0.304869 24
512256 0.565763 21
507616 0.158730 21
515322 0.395892 21
513363 0.404981 21
514013 1.602919 21
530441 0.714260 21
501702 0.196750 21
549334 0.201876 11
524538 0.378149 21
529976 0.249257 21
521933 0.350765 21
539211 0.617276 25
578847 0.334898 31
579405 0.648352 14
549678 0.087082 23
516825 0.482349 16
517301 0.184889 21
505451 0.389547 21
512116 0.917589 21
514576 0.226076 12
521700 0.548400 21
518202 0.466685 26
504667 0.678153 21
527161 0.774664 21
518008 0.550954 21
527626 0.310168 21
502792 0.355871 21
515585 0.256492 25
518451 0.374704 12
522753 0.523361 11
522739 0.195729 22
524858 0.401776 25
513484 1.728635 21
520935 0.648902 21
514270 0.287943 31
529778 0.084686 21
523711 0.171906 21
526353 0.382068 21
531444 1.644598 21
519289 0.462342 21
514745 0.186716 7
506897 0.363602 21
514970 0.317274 21
416203 0.223232 26
516874 0.911076 21
508493 0.143969 21
510809 0.214887 21
530595 0.010602 21
514801 0.310925 28
509915 0.207557 22
511498 0.078464 22
526615 0.520654 22
527797 0.496115 22
530440 0.316843 22
521818 0.209208 22
508524 0.149977 22
501323 0.340117 22
528596 0.708077 22
532298 1.267023 22
519339 0.324082 22
549209 0.135777 22
528096 0.218921 5
518085 0.385648 25
526163 0.272254 22
600778 0.127611 33
507087 0.542249 22
527284 0.290046 22
517590 0.533859 22
514869 0.558017 31
524801 0.529241 22
502613 0.455368 22
523290 0.386511 22
506162 0.173911 22
514801 0.235736 28
565079 0.453292 35
523001 0.259861 22
524625 0.134561 22
506978 0.993073 22
515200 1.048702 22
507074 0.653518 22
530987 0.345355 22
527691 0.326911 22
500138 0.660581 22
524726 0.178986 22
500502 0.084180 22
523909 0.630717 22
522156 0.177166 22
522065 0.454035 12
516470 0.134134 22
517551 0.866555 22
519720 0.289391 22
563015 0.245201 38
524616 0.156374 22
416203 0.148084 16
510353 0.438954 22
529912 1.660021 22
501146 2.107724 22
514490 0.537430 29
506803 0.649655 23
501440 0.377288 23
510223 1.106046 23
522779 0.441802 23
519209 1.050839 23
531145 0.727688 23
519776 1.673149 23
581369 0.528187 8
514965 0.261838 24
527502 0.817579 23
532694 1.345023 23
521136 0.576814 23
578847 0.241847 31
517118 0.512950 23
509138 0.293689 23
600778 0.443994 32
514454 0.293838 23
529146 0.913082 23
505925 0.330972 23
529740 0.209167 23
519570 0.218921 23
500185 2.026836 23
508728 0.343433 23
526300 1.781130 23
521952 0.209234 23
527333 0.316316 23
518072 0.215894 28
530209 0.132060 23
529046 0.249757 23
550269 0.252526 17
514411 0.285483 19
525123 0.078720 23
550293 0.518304 24
522350 0.317663 23
550255 0.798256 23
500895 0.489961 23
522112 0.362684 3
514755 0.420132 24
513862 0.527280 23
532548 0.371503 23
531939 1.274717 23
530680 0.035456 23
514709 0.152806 30
519287 0.487039 23
524837 0.487365 4
517783 0.255749 23
526271 0.074170 23
514462 0.342868 32
508941 0.192097 23
523556 0.127116 23
528260 0.029619 24
503964 0.438556 24
511563 0.188117 24
603372 0.226666 31
505297 0.227138 24
514474 0.554625 25
513972 0.102612 24
529361 0.050378 24
514454 0.151402 7
513597 0.078603 24
521726 0.498449 24
549678 0.252953 22
508421 1.675855 24
514127 1.061161 24
515637 0.186808 21
514737 0.263635 22
505885 0.515453 24
521675 0.281413 24
600401 0.261950 11
514745 0.284935 33
523811 0.570671 24
531298 1.607935 24
514709 0.387928 30
514682 0.320221 15
519328 0.433905 24
518904 0.187423 24
514722 0.478015 31
515278 0.321728 24
550303 0.325140 22
528421 0.076858 24
549929 0.350288 14
549334 0.313013 24
502546 0.232373 24
550303 0.189807 14
514092 0.520768 9
528096 0.216372 5
516994 0.431802 24
517416 0.619774 24
519907 0.217033 24
530163 0.128753 24
518168 0.288756 27
518313 0.216682 20
522761 0.115425 24
518309 0.307906 26
521877 0.471923 24
521276 1.859637 24
530737 0.426337 24
528156 0.846041 24
506539 0.351209 24
500193 0.438545 24
521688 0.482377 25
517028 0.125780 25
503095 2.897824 25
512626 0.893224 25
529361 0.045057 25
500556 1.377962 25
507235 0.255093 25
578857 0.694124 20
522687 1.114078 25
532194 0.182841 25
514745 0.319597 5
524845 0.181701 30
518165 0.431095 8
531750 1.016697 25
514800 0.624993 30
396843 0.403618 29
416203 0.186115 36
517969 1.516299 25
599833 0.315999 22
514248 0.956461 25
514733 0.852306 25
501131 0.447900 25
508409 0.522739 25
514525 0.257442 5
517367 0.433381 25
538781 0.453586 13
523533 0.239047 25
516938 0.690948 25
579411 0.339144 28
513178 0.268243 25
515304 0.614367 25
522761 0.329441 18
514809 0.501924 25
528648 0.114694 25
519874 0.258795 25
500146 1.144533 25
522561 0.246562 25
508342 0.316560 25
514150 0.748236 25
521390 0.542722 18
545661 0.390941 23
381025 0.435291 31
501939 0.156023 25
508242 0.588953 25
524598 1.398682 25
529279 0.072568 25
522268 0.283910 25
603372 0.294633 29
511977 0.154537 25
510931 0.603039 25
514345 0.301853 26
527033 0.369251 26
524895 0.389444 30
528343 0.373110 26
530675 1.224310 26
500649 0.543974 26
507144 0.275021 26
518160 0.226972 21
511915 0.368248 26
520634 0.339044 26
515058 1.263671 26
603445 1.026132 3
578847 0.251130 17
531400 0.942016 26
524850 0.167265 8
521913 0.742435 26
527621 0.068350 26
501092 0.478104 26
506028 0.041376 26
531445 1.637950 26
503784 0.403433 26
521042 0.292526 26
514930 0.593731 26
501665 2.604611 26
581951 0.231216 34
532490 1.799980 26
509018 0.204217 26
517054 0.523009 26
521402 0.297569 33
532536 0.080762 26
564571 0.460741 18
517315 0.042113 26
505247 0.089246 26
505660 0.119459 26
518420 0.520830 26
517657 0.696397 26
515469 0.197987 26
506794 1.159707 26
510077 0.440522 26
521887 0.150972 26
514410 0.239091 15
502731 0.299839 26
513588 0.512040 26
518276 0.583243 22
514715 0.207663 26
528922 0.305796 26
515477 0.191745 26
515319 0.102270 26
528959 0.031358 26
569791 0.463844 13
528467 0.178779 27
516682 0.782058 27
521769 0.378072 27
504632 1.750306 27
503537 0.974167 27
515788 1.021756 27
514383 0.174554 27
416203 0.272213 26
549929 0.655335 21
518002 0.666943 8
504163 0.198290 27
581951 0.300700 34
532232 0.567553 27
531039 1.132422 27
521772 0.376369 27
514704 0.464053 27
526384 0.398510 27
517984 0.429893 24
516614 0.781658 27
509060 0.581322 27
514690 0.143632 27
515057 0.127300 24
524895 0.259835 27
572381 0.146577 23
526689 0.578938 27
514743 0.332439 6
530490 0.319910 27
504917 0.568274 27
518032 0.540598 27
510979 0.263209 27
510128 0.404166 27
523036 1.089125 27
523892 0.134838 27
550247 0.504741 15
531818 0.304173 27
516661 0.285769 29
514474 0.178485 25
508629 0.527892 27
513320 0.606699 27
509694 0.463976 27
514477 0.124571 23
512747 0.161500 27
525374 0.548921 27
514658 0.473159 29
504821 0.668053 27
529641 0.531238 27
525585 0.202477 27
518332 0.528686 20
521447 0.416821 27
513916 1.914936 27
506014 0.417746 28
516728 0.546442 28
512656 0.190759 28
525505 0.088572 28
530163 0.138755 28
529360 0.160432 28
517049 0.798573 28
532169 0.082280 28
528308 0.383974 28
521913 0.672517 28
522035 0.376688 7
527387 0.246589 28
514203 0.348424 6
509346 0.178964 28
599833 0.301896 22
504882 0.452164 28
514745 0.229477 7
572559 0.506986 14
514679 0.573429 28
519163 0.460962 28
532744 0.766914 28
551659 0.624305 29
579405 0.586103 14
504409 0.827471 28
518375 0.279123 28
529358 0.014672 28
520053 0.372935 28
507041 1.272890 28
527501 0.371284 28
505515 0.234808 28
527738 0.306045 28
579243 0.190133 11
514467 0.410489 22
522693 0.219154 28
549200 0.439083 19
523661 0.712226 28
516271 0.515033 28
531013 0.613049 28
550305 0.155267 27
515073 0.368778 22
512542 0.271710 28
527750 0.376270 28
523296 0.215115 28
501121 1.318443 28
504376 0.182485 28
505241 0.674326 28
415781 0.265669 16
516166 0.190627 28
530409 0.966070 28
517569 0.275631 28
507647 0.758270 29
551659 0.159256 20
513840 0.250690 29
505591 0.163001 29
516442 0.181890 29
396595 0.287978 30
500128 0.950465 29
502888 0.302415 29
509895 1.608439 29
506309 0.209516 29
521952 0.323684 29
501746 0.145093 29
604437 0.299425 7
523188 0.508651 29
517420 0.364429 29
550241 0.221888 37
505137 0.270759 29
522199 0.484086 29
530898 0.186556 29
549241 0.165505 18
526059 0.141958 29
395727 0.137878 19
508342 0.562722 29
519420 0.311391 29
561491 0.682248 22
516213 0.531916 29
506319 0.563688 29
549334 0.306636 17
523837 0.582716 29
506224 0.567261 29
528295 0.802605 29
550223 0.261134 18
510731 0.366031 29
503455 0.894022 29
527318 0.255836 13
528096 0.417476 22
584909 0.332712 24
524837 0.525143 29
503976 1.746719 29
524235 0.445645 29
521006 0.462739 29
521367 0.853259 29
519755 0.328811 29
524555 0.128989 29
523057 0.344846 29
500096 0.664630 29
514704 0.591722 11
381025 0.190377 31
532310 0.793926 29
502750 0.407682 29
