1000
501216 0.050400 10
516704 0.136950 10
511254 0.394500 10
549929 0.151650 14
521456 0.109200 30
532505 0.048900 10
516513 0.113550 10
549678 0.085050 31
514863 0.137400 33
517984 0.145500 20
507121 0.139800 10
506470 0.106950 10
525857 0.115200 10
511409 0.023100 10
506401 0.122700 10
550247 0.175800 12
396861 0.101250 41
519867 0.160350 10
578847 0.093300 27
518834 0.102000 10
528980 0.139500 10
517391 0.222150 10
514658 0.107250 14
517635 0.116700 10
513079 0.133950 10
517251 0.112050 10
505347 0.076650 10
501580 0.264750 10
501598 0.189900 10
505637 0.290250 10
518121 0.411600 10
509540 0.242100 10
514490 0.136200 18
518168 0.116400 27
550303 0.139350 16
523796 0.135150 10
502314 0.190200 10
522275 0.134700 10
506725 0.138600 10
514203 0.101850 10
532760 0.053700 10
564509 0.082350 36
514736 0.105450 16
502828 0.084300 10
501983 0.108900 10
511867 0.353700 10
519207 0.103800 10
549334 0.155700 26
500310 0.468300 10
523471 0.125100 10
532351 0.013650 11
514745 0.106050 7
518888 0.135750 11
603372 0.097800 19
516712 0.118950 11
509139 0.174150 11
549678 0.085050 28
504862 0.113700 11
508186 0.121050 11
511757 0.203250 11
514467 0.083100 22
524092 0.043200 11
504737 0.244350 11
514581 0.128550 11
515225 0.106350 11
513432 0.259950 11
505440 0.190200 11
506456 0.071850 11
513237 0.135300 11
521926 0.115350 11
504460 0.189300 11
549678 0.085050 31
503152 0.049950 11
514714 0.109200 21
514690 0.109350 25
526839 0.225450 11
581951 0.075150 34
516847 0.275100 11
524064 0.124200 11
521456 0.109200 30
527714 0.159600 11
521621 0.394200 11
511640 0.098700 11
513866 0.275850 11
522411 0.108000 16
514270 0.104400 31
518276 0.124500 22
549253 0.126900 22
519031 0.123450 11
526201 0.118650 11
520187 0.131850 11
510706 0.051600 11
520649 0.314250 11
510748 0.106350 11
522256 0.126300 30
600773 0.088800 40
584909 0.094500 19
514841 0.123300 20
524782 0.214650 11
502993 0.287850 11
526688 0.139950 12
524355 0.098100 12
511318 0.277800 12
502151 0.195600 12
509040 0.245100 12
565079 0.098400 35
520396 0.133950 12
564509 0.082350 36
514857 0.167400 12
506955 0.100950 12
549334 0.155700 11
578847 0.093300 5
504741 0.171000 12
521547 0.130050 12
518451 0.115350 12
513781 0.300900 12
514737 0.105450 22
550303 0.139350 29
518540 0.411450 12
525964 0.115800 12
550303 0.139350 16
510678 0.159600 12
528615 0.100500 12
563015 0.083400 38
506934 0.177600 12
519941 0.416250 12
519563 0.218100 12
514466 0.083100 9
514715 0.109200 26
514863 0.137400 33
509208 0.097500 12
517567 0.253650 12
514623 0.108150 17
518330 0.125850 31
512515 0.063750 12
501336 0.208050 12
532566 0.167100 12
531417 0.415050 12
523286 0.101700 12
510621 0.055950 12
519989 0.290100 12
511953 0.784200 12
416203 0.078600 26
504339 0.100800 12
532319 0.209700 12
514099 0.117750 12
502907 0.118350 12
515382 0.116250 12
512543 0.160950 12
517537 0.199650 12
508291 0.309450 13
514548 0.236250 13
522368 0.108150 32
502388 0.138600 13
539103 0.095700 20
549334 0.155700 19
516721 0.198600 13
524088 0.360450 13
526397 0.017100 13
539193 0.111300 24
512509 0.162600 13
513837 0.050550 13
515612 0.070200 13
505187 0.083400 13
530708 0.082200 13
516530 0.111450 21
509652 0.051600 13
517735 0.110250 13
506724 0.138600 13
511535 0.450300 13
526027 0.512850 13
503287 0.113550 13
530481 0.095550 13
522368 0.108150 32
531521 0.191400 13
512315 0.066750 13
531153 0.436350 13
506508 0.084300 13
530373 0.045600 13
514636 0.120450 13
506672 0.333450 13
514690 0.109350 19
514460 0.130500 33
525497 0.124050 13
511566 0.062700 13
529043 0.024600 13
521457 0.109200 3
514734 0.114150 12
501436 0.100950 13
511988 0.125400 13
502210 0.254400 13
522291 0.114450 20
525603 0.275250 13
501718 0.183450 13
578847 0.093300 5
514466 0.083100 9
514237 0.114150 13
526416 0.198150 13
520711 0.090600 13
516594 0.053850 13
511961 0.187800 14
505639 0.118500 14
524076 0.253500 14
523863 0.119400 14
505947 0.127350 14
604437 0.101250 29
528775 1.221600 14
510961 0.271650 14
503866 0.028650 14
521456 0.109200 30
507466 0.091500 14
523896 0.114750 14
501249 0.568350 14
550255 0.171150 23
564265 0.091200 26
532251 0.043200 14
539193 0.111300 32
503667 0.279600 14
549253 0.126900 33
524837 0.114900 4
527190 0.295200 14
521593 0.129000 14
526426 0.094050 14
505268 0.135750 14
511839 0.166350 14
506449 0.579900 14
510647 0.127200 14
514691 0.109350 31
578847 0.093300 34
501681 0.219900 14
514068 0.109200 30
512316 0.067800 14
514037 0.085050 14
416203 0.078600 38
539193 0.111300 27
515069 0.224100 14
520693 0.406650 14
504283 0.248250 14
530177 0.105300 14
502387 0.212550 14
579411 0.099300 18
503441 0.071250 14
549453 0.115950 13
506360 0.244950 14
518002 0.134700 8
511143 0.100650 14
549678 0.085050 22
524635 0.121500 14
519446 0.041550 14
514068 0.109200 30
517642 0.102150 15
503133 0.300600 15
512640 0.125400 15
549334 0.155700 26
531013 0.231450 15
503093 0.135750 15
531187 0.046650 15
529212 0.090150 5
531150 0.102150 15
528141 0.123900 15
516844 0.225900 15
549209 0.126900 22
509081 0.445050 15
502914 0.102300 15
522936 0.117900 12
531963 0.093900 15
504303 0.403800 15
518331 0.125850 18
501566 0.120900 15
514717 0.108150 23
514410 0.110400 8
505091 0.179850 15
528882 0.110250 15
506046 0.559500 15
521735 0.124050 15
550255 0.171150 23
514700 0.109350 8
507335 0.195900 15
528511 0.149550 15
508856 0.138600 15
521190 0.214500 15
522360 0.115350 15
528096 0.102150 22
524858 0.112950 25
523896 0.114750 15
511967 0.084300 15
529860 0.124200 15
503012 0.152100 15
528926 0.109950 15
549334 0.155700 28
506303 0.571800 15
515077 0.127500 15
549929 0.151650 14
527104 0.199800 15
505974 0.120000 15
502790 0.183000 15
519204 0.214650 15
521302 0.120750 15
526545 0.206250 15
524311 0.126600 15
522411 0.108000 16
550306 0.154050 17
519055 0.215700 16
521184 0.131100 16
504512 0.245400 16
515585 0.088950 25
508862 0.124200 16
514160 0.125100 9
525953 0.108000 22
507231 0.135750 16
507718 0.112050 16
507506 0.041850 16
514044 0.125400 16
507164 0.127350 16
511839 0.166350 16
549334 0.155700 8
512384 0.160800 16
519488 0.116400 16
514691 0.109350 31
515327 0.100650 16
532256 0.127950 16
549334 0.155700 11
509388 0.130650 16
514700 0.109350 8
527000 0.083250 16
549253 0.126900 27
523191 0.121500 16
509959 0.112050 16
502966 0.320850 16
504403 0.179850 16
525919 0.120150 16
509708 0.015450 16
511454 0.153000 16
522328 0.109650 16
501538 0.148500 16
385213 0.076200 25
530054 0.005400 16
522923 0.318150 16
509361 0.150600 16
531194 1.024050 16
528314 0.079650 16
522383 0.124200 29
530576 0.086700 16
526794 0.193950 16
521114 0.298800 16
550247 0.175800 12
531866 0.133800 16
531805 0.613050 16
514826 0.089850 24
503914 0.242100 16
579411 0.099300 28
539211 0.136200 25
522064 0.132150 28
527209 0.210450 17
531764 0.061350 17
523798 0.238050 17
532253 0.138600 17
578847 0.093300 9
529563 0.298800 17
518160 0.122850 21
510447 0.033300 17
549453 0.115950 12
514264 0.104400 17
539011 0.124350 38
508852 0.138600 17
514467 0.083100 22
514690 0.109350 25
514965 0.106800 24
526211 0.159450 17
502507 0.280650 17
522783 0.232950 17
529999 0.162150 17
505095 0.138600 17
506108 0.253950 17
508574 0.063150 17
523775 0.232950 17
516351 0.146700 17
517097 0.061050 17
511969 0.103200 17
514514 0.225300 17
505278 0.187200 17
519581 0.099300 17
542791 0.076500 24
514444 0.121800 29
517035 0.112800 17
565079 0.098400 35
515640 0.005100 17
522411 0.108000 16
516545 0.114000 17
579361 0.115050 19
510306 0.345900 17
521856 0.054000 17
523792 0.119100 17
513584 0.030450 17
519804 0.235050 17
516102 0.104400 17
507450 0.372150 17
514092 0.108300 9
543545 0.144300 30
550268 0.097800 17
528376 0.219150 18
532573 0.019500 18
532296 0.768900 18
522035 0.115800 7
510355 0.289800 18
514704 0.118350 11
500655 0.051600 18
504657 0.102300 18
522859 0.231450 18
515729 0.062700 18
514218 0.105750 8
503020 0.666750 18
527219 0.114450 18
506138 0.186000 18
532607 0.178200 18
516705 0.136950 18
503731 0.241800 18
507228 0.033300 18
517910 0.111900 18
549453 0.115950 22
500932 0.206250 18
531148 0.472650 18
572559 0.222900 14
549929 0.151650 21
508760 0.096150 18
529553 0.079950 18
521612 0.217200 18
504459 0.154350 18
518087 0.134550 22
581581 0.172200 7
518672 0.247800 18
515928 0.327000 18
522787 0.222000 18
549241 0.129450 18
504684 0.097500 18
530170 0.062550 18
507806 0.100800 18
516478 0.233700 18
549209 0.126900 22
524800 0.158250 18
514590 0.123900 18
524949 0.109200 19
514448 0.303600 18
518317 0.114150 10
528696 0.162900 18
517920 0.126300 18
530846 0.143700 18
517810 0.055050 18
518273 0.119850 13
521390 0.132750 18
579361 0.115050 19
522558 0.118050 19
522855 0.116700 19
521246 0.131250 19
515994 0.324600 19
522735 0.234000 19
550227 0.089850 18
519059 0.109950 19
515142 0.143550 19
578847 0.093300 5
526932 0.175350 19
506090 0.067800 19
522116 0.082800 23
514722 0.108000 31
542562 0.091350 29
527316 0.117600 19
521419 0.125250 19
507088 0.127350 19
510312 0.147600 19
502069 0.264750 19
549334 0.155700 17
579361 0.115050 19
514649 0.237450 19
514745 0.106050 5
527736 0.110850 19
514064 0.118950 19
549334 0.155700 10
518150 0.123900 9
524752 0.270300 19
500912 0.427350 19
503432 0.077550 19
511381 0.091350 19
579411 0.099300 6
518582 0.128700 19
505065 0.142200 19
605443 0.157050 12
527755 0.010950 19
520226 0.122700 19
502365 0.153900 19
501622 0.089850 19
512236 0.120300 19
514709 0.123750 18
550222 0.108600 16
514418 0.133200 25
522245 0.112950 19
525668 0.254850 19
515232 0.244200 19
522841 0.127800 19
516518 0.034650 19
523258 0.324600 19
514354 0.212250 20
514277 0.274350 20
511861 0.094500 20
527478 0.054900 20
529755 0.107250 20
539217 0.124200 31
515691 0.123150 20
520346 0.414000 20
521712 0.406650 20
514722 0.108000 31
511830 0.090750 20
509083 0.119400 20
521686 0.153900 20
550247 0.175800 21
532310 0.226050 20
517028 0.116700 20
517770 0.121350 20
514696 0.113550 2
520288 0.208500 20
514271 0.104400 15
524443 0.151050 20
513146 0.161550 20
521483 0.111900 24
525960 0.109050 20
550303 0.139350 13
523691 0.140250 20
518330 0.125850 31
584909 0.094500 6
549334 0.155700 10
532240 0.071700 20
505916 0.142800 20
525498 0.285300 20
500027 0.050550 20
505038 0.579900 20
577333 0.206400 13
506045 0.220050 20
517476 0.123450 20
519357 0.137250 20
514730 0.033750 20
532681 0.179100 20
530786 0.088650 20
510697 0.076650 20
505967 0.152100 20
549241 0.129450 18
506555 0.012600 20
531986 0.167550 20
415781 0.106350 16
505670 0.269400 20
516491 0.165600 20
508972 0.041400 20
527959 0.118500 21
604437 0.101250 29
512256 0.118500 21
507616 0.052650 21
515322 0.108000 21
513363 0.251250 21
514013 0.327600 21
530441 0.202050 21
501702 0.114750 21
521402 0.134100 33
524538 0.126900 21
529976 0.060150 21
521933 0.122700 21
528166 0.108300 21
550255 0.171150 23
514450 0.121800 24
549334 0.155700 27
514691 0.109350 27
517301 0.055350 21
505451 0.274050 21
512116 0.184950 21
518202 0.124200 26
521700 0.235200 21
514450 0.121800 24
504667 0.139950 21
527161 0.406350 21
518008 0.117300 21
527626 0.068850 21
502792 0.130500 21
516821 0.156300 30
396595 0.112050 18
549163 0.144900 11
514410 0.110400 8
584909 0.094500 6
513484 0.346950 21
520935 0.182400 21
514580 0.128550 27
529778 0.076050 21
523711 0.129000 21
526353 0.122400 21
531444 0.398400 21
519289 0.117150 21
514490 0.136200 29
506897 0.177600 21
514970 0.112950 21
550305 0.126900 27
516874 0.246600 21
508493 0.084300 21
510809 0.122700 21
530595 0.007650 21
514691 0.109350 31
509915 0.123450 22
511498 0.071400 22
526615 0.120450 22
527797 0.250650 22
530440 0.202050 22
521818 0.129000 22
508524 0.067800 22
501323 0.299850 22
528596 0.268500 22
532298 0.306600 22
519339 0.116850 22
525953 0.108000 22
549678 0.085050 22
514474 0.132450 7
526163 0.161550 22
563015 0.083400 38
507087 0.258750 22
527284 0.160650 22
517590 0.133050 22
415871 0.154350 19
524801 0.158250 22
502613 0.152400 22
523290 0.114900 22
506162 0.053100 22
539211 0.136200 25
514874 0.107100 17
523001 0.236700 22
524625 0.065400 22
506978 0.240450 22
515200 0.308550 22
507074 0.202650 22
530987 0.249150 22
527691 0.069450 22
500138 0.254700 22
524726 0.154350 22
500502 0.025200 22
523909 0.237750 22
522156 0.116700 22
549163 0.144900 13
516470 0.109800 22
517551 0.197250 22
519720 0.103050 22
550303 0.139350 8
524616 0.123150 22
524854 0.130350 11
510353 0.122700 22
529912 0.338550 22
501146 0.439350 22
518160 0.122850 21
506803 0.242100 23
501440 0.100800 23
510223 0.295350 23
522779 0.229500 23
519209 0.211050 23
531145 0.265350 23
519776 0.420900 23
514691 0.109350 27
604437 0.101250 29
527502 0.164850 23
532694 0.344850 23
521136 0.132600 23
514755 0.107250 24
517118 0.116400 23
509138 0.174150 23
514254 0.109350 28
514454 0.122250 23
529146 0.359550 23
505925 0.127350 23
529740 0.054000 23
519570 0.050400 23
500185 0.421950 23
508728 0.273450 23
526300 0.486900 23
521952 0.122700 23
527333 0.127350 23
514623 0.108150 17
530209 0.090900 23
529046 0.155100 23
514734 0.114150 12
514745 0.106050 33
525123 0.070800 23
603372 0.097800 31
522350 0.227850 23
514801 0.135450 28
500895 0.171000 23
416203 0.078600 26
579411 0.099300 6
513862 0.133650 23
532548 0.102450 23
531939 0.684150 23
530680 0.029400 23
529187 0.102000 20
519287 0.181350 23
529212 0.090150 5
517783 0.112800 23
526271 0.016350 23
515057 0.111600 24
508941 0.106350 23
523556 0.115350 23
528260 0.023400 24
503964 0.118350 24
511563 0.142050 24
522261 0.103050 20
505297 0.091650 24
522051 0.122850 4
513972 0.060150 24
529361 0.036750 24
549253 0.126900 26
513597 0.036600 24
521726 0.129000 24
516527 0.111900 17
508421 0.362700 24
514127 0.405300 24
550247 0.175800 12
549334 0.155700 5
505885 0.117300 24
521675 0.114450 24
600778 0.092700 32
514254 0.109350 28
523811 0.127500 24
531298 0.322350 24
517862 0.114750 29
549678 0.085050 31
519328 0.186300 24
518904 0.159900 24
604437 0.101250 7
515278 0.186750 24
572381 0.111750 23
528421 0.028200 24
514691 0.109350 27
549334 0.155700 8
502546 0.152250 24
514700 0.109350 6
524859 0.112950 31
514186 0.119550 25
516994 0.130350 24
517416 0.256950 24
519907 0.095700 24
530163 0.031350 24
416127 0.139650 22
522814 0.104850 31
522761 0.110550 24
549334 0.155700 25
521877 0.102000 24
521276 0.375750 24
530737 0.111150 24
528156 0.238200 24
506539 0.100800 24
500193 0.093300 24
521688 0.106650 25
517028 0.116700 25
503095 0.746550 25
512626 0.265500 25
529361 0.036750 25
500556 0.387600 25
507235 0.116700 25
524804 0.123750 18
522687 0.232500 25
532194 0.057000 25
515057 0.111600 24
538781 0.125400 41
550293 0.185100 24
531750 0.216300 25
578847 0.093300 34
579361 0.115050 19
549453 0.115950 22
517969 0.414900 25
514271 0.104400 15
514248 0.459450 25
514733 0.238800 25
501131 0.164850 25
508409 0.124200 25
516661 0.121350 29
517367 0.112800 25
514186 0.119550 25
523533 0.121800 25
516938 0.147750 25
523174 0.087900 11
513178 0.105900 25
515304 0.149100 25
514140 0.104550 14
514809 0.110550 25
528648 0.044250 25
519874 0.122550 25
500146 0.580950 25
522561 0.245100 25
508342 0.122700 25
514150 0.413850 25
514691 0.109350 27
516527 0.111900 17
516530 0.111450 21
501939 0.052050 25
508242 0.232050 25
524598 0.323550 25
529279 0.048000 25
522268 0.142050 25
397645 0.120150 28
511977 0.102150 25
510931 0.122700 25
514345 0.077250 26
527033 0.195000 26
563077 0.151800 20
528343 0.133500 26
530675 0.331950 26
500649 0.117300 26
507144 0.063150 26
564571 0.105300 18
511915 0.076650 26
520634 0.075150 26
515058 0.329400 26
514140 0.104550 7
416203 0.078600 36
531400 0.216600 26
514576 0.117750 12
521913 0.201000 26
527621 0.049050 26
501092 0.126150 26
506028 0.022200 26
531445 0.398400 26
503784 0.304950 26
521042 0.111600 26
514930 0.324450 26
501665 1.943550 26
516661 0.121350 29
532490 0.366300 26
509018 0.122700 26
517054 0.111900 26
522675 0.111900 24
532536 0.024300 26
522261 0.103050 30
517315 0.016500 26
505247 0.087150 26
505660 0.114900 26
518420 0.290400 26
517657 0.270600 26
515469 0.110850 26
506794 0.267150 26
510077 0.106950 26
521887 0.115350 26
514863 0.137400 33
502731 0.142650 26
513588 0.146850 26
522411 0.108000 16
550247 0.175800 21
528922 0.142950 26
515477 0.143250 26
515319 0.044250 26
528959 0.025950 26
579411 0.099300 28
528467 0.056250 27
516682 0.327000 27
521769 0.121650 27
504632 0.350100 27
503537 0.220350 27
515788 0.221550 27
514383 0.115200 27
514690 0.109350 19
518008 0.117300 32
539073 0.121200 26
504163 0.055350 27
549334 0.155700 26
532232 0.140850 27
531039 0.308850 27
521772 0.119100 27
514704 0.118350 27
526384 0.096750 27
518382 0.123450 12
516614 0.231600 27
509060 0.119400 27
514874 0.107100 31
538781 0.125400 41
524895 0.104400 27
514754 0.107250 21
526689 0.139950 27
578847 0.093300 12
530490 0.115800 27
504917 0.267150 27
518032 0.176250 27
510979 0.106500 27
510128 0.274650 27
523036 0.320850 27
523892 0.126450 27
518382 0.123450 12
531818 0.213300 27
528166 0.108300 21
522291 0.114450 20
508629 0.289950 27
513320 0.197550 27
509694 0.159600 27
514580 0.128550 27
512747 0.036600 27
525374 0.114300 27
518072 0.129000 28
504821 0.135750 27
529641 0.119400 27
525585 0.047250 27
584909 0.094500 5
521447 0.122850 27
513916 0.444600 27
506014 0.132600 28
516728 0.117450 28
512656 0.114150 28
525505 0.082350 28
530163 0.031350 28
529360 0.036750 28
517049 0.192300 28
532169 0.021000 28
528308 0.097500 28
521913 0.201000 28
516527 0.111900 17
527387 0.052500 28
518304 0.117750 29
509346 0.127350 28
514700 0.109350 6
504882 0.114900 28
600595 0.154650 5
514140 0.104550 12
514679 0.174000 28
519163 0.129300 28
532744 0.627750 28
549453 0.115950 10
518317 0.114150 10
504409 0.232650 28
518375 0.121500 28
529358 0.003000 28
520053 0.123450 28
507041 0.271650 28
527501 0.113250 28
505515 0.084300 28
527738 0.063000 28
514745 0.106050 33
521483 0.111900 24
522693 0.114150 28
518299 0.123450 14
523661 0.217050 28
516271 0.126900 28
531013 0.231450 28
539193 0.111300 35
518332 0.113100 20
512542 0.160950 28
527750 0.120750 28
523296 0.068550 28
501121 0.353400 28
504376 0.063150 28
505241 0.290250 28
524858 0.112950 25
516166 0.122850 28
530409 0.246600 28
517569 0.118950 28
507647 0.208200 29
550303 0.139350 22
513840 0.054150 29
505591 0.114900 29
516442 0.130200 29
549253 0.126900 33
500128 0.259500 29
502888 0.101400 29
509895 0.564450 29
506309 0.113550 29
521952 0.122700 29
501746 0.101400 29
549163 0.144900 11
523188 0.351450 29
517420 0.149700 29
543813 0.124050 29
505137 0.117150 29
522199 0.237750 29
530898 0.058650 29
514450 0.121800 24
526059 0.132750 29
522261 0.103050 20
508342 0.122700 29
519420 0.078450 29
518276 0.124500 22
516213 0.110550 29
506319 0.121050 29
522185 0.126450 29
523837 0.126450 29
506224 0.204600 29
528295 0.246900 29
539193 0.111300 14
510731 0.319200 29
503455 0.274650 29
524895 0.104400 30
514743 0.114300 19
578847 0.093300 31
524837 0.114900 29
503976 0.392700 29
524235 0.189600 29
521006 0.126600 29
521367 0.228300 29
519755 0.126450 29
524555 0.120150 29
523057 0.339300 29
500096 0.259500 29
522573 0.133650 12
539011 0.124350 38
532310 0.226050 29
502750 0.087150 29
