385213 26 0.984252
514131 15 0.935162
514180 9 0.915751
514203 6 1.104566
514218 8 1.063830
514420 8 0.938673
514450 13 0.923645
514455 3 0.920245
514476 11 1.030220
514510 9 1.287001
514606 4 0.986842
514734 12 0.985545
514944 11 0.975293
515591 7 0.980392
516366 14 0.914077
516370 12 0.956023
516534 5 0.907990
516556 6 0.906892
517887 10 1.326260
518022 3 0.985545
518076 7 1.162791
518085 3 0.934579
518244 15 1.261034
518298 15 0.911300
518339 11 0.954198
518349 9 0.933998
518368 16 1.314060
518375 7 0.925926
518383 14 0.911300
518451 12 0.975293
521533 2 0.952986
522035 7 0.971503
522064 3 1.135074
522149 14 0.954198
522176 16 0.923645
522193 10 0.976562
522329 8 1.025992
522353 10 0.933998
522411 16 1.041667
522523 15 1.005362
522753 11 1.246883
522864 6 0.899281
523184 5 0.997340
524837 4 0.979112
524845 12 0.949367
524857 14 0.903614
524866 10 0.994695
524872 11 0.915751
526262 5 0.965251
527639 15 0.902527
527717 4 0.922509
530068 12 0.894454
549163 13 1.035197
549349 14 0.957854
549485 9 0.998668
549485 11 1.331558
551609 12 0.998668
564509 24 0.910747
586001 5 0.935829
600607 4 0.901597
600607 14 0.901597
603445 3 0.892220
