5000 17 0.050000
0 190052 187333
0 186281 186584
0 187350 187503
0 189441 186581
0 186215 189686
0 189433 186210
0 188631 188417
0 186333 187479
0 188944 188449
0 186232 187471
0 190073 186499
0 188908 188873
0 188817 188870
0 188855 189123
0 188775 190310
0 190052 187517
0 189848 186230
0 187465 188728
0 186540 188672
0 188713 188468
0 186764 186761
0 189437 189419
0 189142 189092
0 186245 186245
0 189135 186314
0 186372 189929
0 187490 188713
0 187503 187486
0 210014 188431
0 186358 188682
0 186343 186200
0 140125 139830
0 187492 188762
0 198373 195770
0 190630 190735
0 190306 186560
0 188617 189328
0 189411 188688
0 189809 190158
0 190587 187548
0 186944 189347
0 188629 187558
0 187499 188662
0 213165 186249
0 188634 186873
0 188607 188839
0 189939 186211
0 186477 186301
0 187300 188877
0 186259 190331
0 187402 187435
0 186376 186211
0 186508 187009
0 188709 188747
0 186945 211397
0 189438 189929
0 188729 187560
0 186556 187567
0 187647 188643
0 187486 188436
0 189137 186411
0 187318 189432
0 186210 186262
0 186259 188754
0 187470 187400
0 188660 188660
0 188816 188378
0 187661 188427
0 140309 142917
0 186328 188693
0 186477 186693
0 186377 189782
0 188404 187306
0 188756 188944
0 188453 188465
0 187527 186946
0 187319 187800
0 187582 186342
0 213165 190081
0 189843 186992
0 190309 188668
0 190025 186281
0 188886 187072
0 188663 187631
0 187481 186376
0 186193 189674
0 190281 187538
0 188829 189134
0 186368 198373
0 188633 188628
0 188923 188733
0 189451 188917
0 189435 189435
0 188791 188555
0 188544 190442
0 213165 186247
0 187437 187441
0 198373 186205
0 188892 188874
0 186213 189763
0 186250 186250
0 188732 186953
0 186366 186945
0 189329 188633
0 190324 189820
0 187284 188398
0 190257 197808
0 188894 186914
0 186398 186243
0 188664 189324
0 186543 187424
0 189724 189666
0 188627 186218
0 139982 213165
0 189108 188896
0 187433 186249
0 187651 188851
0 187265 187651
0 187522 188662
0 187350 188747
0 186671 189840
0 186363 187515
0 190283 190018
0 187562 187562
0 187537 189419
0 198373 187424
0 187343 187434
0 198373 188665
0 188750 187505
0 190136 189718
0 189410 186945
0 187331 189686
0 186408 186375
0 188945 189180
0 188529 213380
0 197373 189834
0 188881 188880
0 187609 188452
0 189438 188706
0 209651 190140
0 186397 186309
0 188366 188472
0 186366 188758
0 188661 180208
0 188613 188828
0 186236 190549
0 188804 186474
0 188916 189680
0 188620 189342
0 188703 187436
0 188545 187555
0 199035 198951
0 188944 189127
0 187485 188769
0 213165 151440
0 188913 188802
0 188896 189328
0 188677 189662
0 186361 189427
0 186993 189685
0 188418 188305
0 189445 189549
0 190469 190112
0 198366 186344
0 190123 190620
0 189134 189344
0 188467 187738
0 186248 187383
0 186574 190588
0 186988 186922
0 187530 188688
0 186205 189430
0 188912 186383
0 187618 187841
0 188888 188670
0 189670 188661
0 188791 186937
0 186341 188807
0 188805 188672
0 199035 186490
0 187428 188460
0 186518 186385
0 187552 186304
0 187417 186378
0 188621 189433
0 187476 188965
0 186642 190744
0 186442 186305
0 189427 188609
0 186203 186251
0 189427 198373
0 188606 188704
0 187544 188456
0 190497 210574
0 188787 186727
0 186993 188464
0 188612 188959
0 188826 188622
0 188742 186474
0 188612 189091
0 188680 188777
0 188759 189438
0 187564 188941
0 186247 186334
0 189965 186495
0 186315 186507
0 186476 186232
0 188903 198494
0 186939 187138
0 186298 187576
0 186227 189760
0 187287 186208
0 188446 187286
0 187491 186338
0 188452 188721
0 188910 188788
0 186364 189413
0 187567 189132
0 188220 188136
0 190138 188773
0 186553 186936
0 187437 187551
0 187549 190115
0 187569 188687
0 188374 187556
0 186370 189738
0 188455 188413
0 188648 188161
0 188678 187486
0 186484 188664
0 187481 187503
0 186261 187580
0 189759 186240
0 189760 186317
0 187339 187402
0 187482 199035
0 187307 188406
0 186365 186347
0 189345 189280
0 186525 187356
0 189703 187301
0 188632 189136
0 188437 188831
0 148177 148177
0 189967 187570
0 186672 188743
0 188769 188673
0 186876 188609
0 186399 187125
0 188452 188626
0 189448 186420
0 190134 186209
0 189639 186338
0 190344 186417
0 189142 188717
0 188533 187550
0 186480 188876
0 189899 189733
0 186399 189428
0 187482 189958
0 187503 187460
0 140272 187482
0 139997 140169
0 189428 187451
0 188675 187460
0 186952 189410
0 186307 187570
0 190260 186770
0 186941 188890
0 186222 186497
0 186572 186318
0 188659 186355
0 187557 135120
1 198373 143609
1 187427 190596
1 189731 190234
1 188445 188389
1 186572 142400
1 190128 189721
1 186937 186352
1 190477 199035
1 187549 188462
1 186279 188607
1 189183 188441
1 213380 188937
1 189405 198362
1 189735 186453
1 186398 188762
1 186233 187528
1 188476 189183
1 211397 188670
1 186380 190275
1 186207 190136
1 187563 187493
1 189410 187523
1 186211 188695
1 188735 198373
1 186361 187097
1 190257 189441
1 188375 189658
1 186243 188660
1 189666 189454
1 186312 190391
1 190244 187528
1 198373 189435
1 189295 189295
1 186210 198373
1 187507 188703
1 187361 189909
1 189930 213380
1 186306 190672
1 188437 188662
1 197399 197399
1 188675 188438
1 189978 190241
1 140660 186477
1 209418 186873
1 186305 189419
1 188669 188845
1 188772 189719
1 186474 190227
1 188787 190638
1 187538 188611
1 189141 190474
1 187003 190624
1 187560 187560
1 189734 187433
1 197663 140705
1 188403 189344
1 213380 188623
1 188635 189411
1 186982 190822
1 190357 188550
1 211084 188274
1 187508 188774
1 189336 188878
1 188607 188720
1 186660 188664
1 186357 140163
1 188497 187542
1 213380 189808
1 189908 186370
1 140169 190420
1 186300 186359
1 188690 186226
1 189115 188974
1 188806 190174
1 188762 190126
1 188633 188452
1 188739 187536
1 188704 189345
1 211397 187393
1 188661 190594
1 188809 187547
1 187531 189966
1 188869 186310
1 186499 186661
1 188670 186748
1 188624 186206
1 189838 186209
1 189024 211397
1 210014 147017
1 188851 186388
1 187580 186279
1 190190 188819
1 187558 189413
1 186399 188774
1 187455 188638
1 187580 190354
1 187482 188446
1 186281 186251
1 188425 189675
1 187385 187484
1 189156 189087
1 187603 187603
1 188743 198231
1 186946 188732
1 188688 188854
1 186318 186497
1 186451 186211
1 188878 188491
1 198373 186233
1 186292 189418
1 188734 186200
1 190273 186345
1 186541 188690
1 188487 187308
1 188658 188533
1 188474 188823
1 188818 188673
1 190229 186301
1 190128 188874
1 213165 187531
1 198373 186968
1 190248 187033
1 188374 188528
1 189725 186933
1 189406 190048
1 188417 188470
1 186493 187499
1 189739 186420
1 189345 187565
1 188632 186402
1 188833 188725
1 188850 188683
1 187422 186309
1 187515 188698
1 186584 186484
1 189865 186228
1 188648 187561
1 187494 187586
1 186369 187554
1 188634 188501
1 209418 187485
1 186226 186367
1 188591 188596
1 189643 200152
1 190123 190501
1 189894 186266
1 188895 188866
1 186587 186471
1 186507 198373
1 198373 133862
1 197399 197399
1 140108 141521
1 186694 186388
1 189258 189133
1 187552 186514
1 188721 188749
1 188826 189363
1 187512 187284
1 189686 190153
1 186212 186751
1 188711 189143
1 187577 186876
1 189908 187299
1 189336 188719
1 186301 188639
1 188747 189659
1 188733 186969
1 187624 188877
1 189139 189342
1 186874 187471
1 213165 197792
1 186210 189719
1 187541 186395
1 190117 190108
1 186329 186260
1 188947 189366
1 190172 188761
1 188675 188878
1 186305 186537
1 186354 188471
1 186457 186309
1 188762 189141
1 188722 186386
1 186238 186404
1 188840 189093
1 186999 186999
1 187557 187541
1 186373 189428
1 186194 188873
1 186477 190359
1 188747 188201
1 188653 188617
1 188903 188877
1 189654 189674
1 189344 188838
1 186246 187065
1 187505 190505
1 188855 186310
1 186416 189743
1 189374 188491
1 188799 188844
1 198373 186475
1 213380 189024
1 189346 188873
1 188845 189126
1 188616 188223
1 189445 187563
1 186376 189738
1 186504 189441
1 188700 188908
1 189888 189713
1 188847 188474
1 140723 194651
1 186321 186445
1 186475 186940
1 189655 186943
1 197793 189241
1 189841 187086
1 189893 189915
1 186946 187517
1 188916 188919
1 142132 140613
1 186366 186393
1 188617 188661
1 188602 190655
1 189645 49617
1 186568 188673
1 187522 186585
1 189735 187527
1 190460 186340
1 186434 186434
1 186460 188698
1 186310 190077
1 188367 187437
1 186400 188648
1 188724 188729
1 188817 188722
1 187413 187529
1 189705 189986
1 189324 188666
1 189440 186354
1 188654 187501
1 187549 188459
1 187575 189409
1 190264 189802
1 188759 141851
1 188313 188538
1 189710 190187
1 186519 186445
1 198366 189121
1 186326 188646
1 187512 187507
1 188734 186316
1 213380 204868
1 186334 186393
1 186650 186347
1 140173 141364
1 189348 190138
1 187306 186996
1 186565 186519
2 188659 186211
2 186234 189433
2 186336 189428
2 186568 186231
2 188888 189109
2 187548 187358
2 190589 189773
2 186337 186742
2 187562 198373
2 187531 188631
2 189450 186943
2 186727 188394
2 189685 186236
2 213165 186765
2 190340 186398
2 186309 188616
2 188417 188478
2 190124 186226
2 189428 188646
2 198373 204592
2 186385 188719
2 188888 190033
2 186398 186376
2 186245 187536
2 188675 189410
2 210574 187503
2 198366 188713
2 188713 188905
2 189167 189123
2 189449 198951
2 187575 188876
2 189406 186397
2 188783 187543
2 186486 188727
2 189681 186303
2 188842 186198
2 188573 187561
2 187508 213165
2 186369 190350
2 188639 187554
2 187562 186259
2 187558 190275
2 188648 186341
2 140755 186569
2 186309 188736
2 211084 188527
2 187517 186369
2 186398 189445
2 188660 187302
2 187472 188666
2 188626 188683
2 187473 188447
2 190123 190226
2 199035 190203
2 139968 139871
2 186344 188766
2 189428 186407
2 187629 187675
2 190156 187405
2 186479 186978
2 187283 188493
2 186873 212272
2 187558 186208
2 210014 143219
2 186264 189435
2 186238 186456
2 187569 186384
2 189425 188793
2 186765 186301
2 186210 186210
2 186497 186646
2 189446 186383
2 198373 198572
2 187550 188050
2 186211 142171
2 186543 198373
2 189957 188608
2 187554 186740
2 188895 189411
2 189423 140031
2 187545 189410
2 211084 198232
2 188661 213165
2 188757 188682
2 186465 188726
2 188816 187518
2 186399 190041
2 189435 186304
2 186350 186515
2 186554 188704
2 189421 188672
2 188577 189075
2 188897 189107
2 189411 187483
2 188608 186222
2 189357 189438
2 188622 188811
2 190164 187570
2 186768 186581
2 189908 187523
2 188855 188644
2 209843 189720
2 189419 215142
2 188836 186472
2 189025 189340
2 188486 187508
2 190014 186234
2 213165 144655
2 187504 188476
2 186431 186518
2 190496 189410
2 187495 198373
2 188555 198373
2 187542 189410
2 186386 187530
2 187569 188465
2 213380 198922
2 188878 188847
2 189759 186729
2 187354 186209
2 188732 186267
2 186311 190134
2 186259 186480
2 190365 140015
2 187397 187337
2 186403 189435
2 186953 186473
2 188664 189432
2 209418 188455
2 188453 188387
2 189973 190135
2 187494 188366
2 186253 189132
2 186522 188857
2 188631 188455
2 189733 186300
2 188835 187470
2 188866 188717
2 186383 188746
2 190156 186237
2 188671 186338
2 189712 190186
2 188725 186387
2 186235 188766
2 186500 189805
2 189441 188758
2 139796 189765
2 189359 189123
2 188629 188809
2 188847 189333
2 188805 186304
2 190290 187304
2 188722 187480
2 188880 189433
2 189331 187354
2 186388 189843
2 187543 188753
2 186432 186432
2 186984 188680
2 189988 186430
2 186663 188901
2 187535 186742
2 188868 188658
2 188819 189319
2 187568 189433
2 198373 210014
2 186259 190719
2 190135 187567
2 189429 186294
2 190173 188555
2 189738 186229
2 188712 186240
2 187487 186309
2 188491 188714
2 187416 186350
2 188892 188900
2 209843 187392
2 209418 188948
2 187292 187426
2 51532 51532
2 186202 189754
2 187509 189662
2 188378 188795
2 189646 190140
2 186309 186395
2 188793 187578
2 187618 188676
2 187552 190244
2 190134 189343
2 186310 186357
2 186417 189836
2 187620 186473
2 190290 187437
2 190302 186220
2 186391 190138
2 188510 189139
2 188482 187279
2 189448 189125
2 186283 186398
2 186995 49038
2 213165 188737
2 187554 188754
2 188732 186973
2 187008 188218
2 188636 188452
2 187459 187292
2 190477 186395
2 187585 188673
2 186561 186247
2 189417 189425
2 189181 188880
2 186351 190652
2 209843 186600
2 188692 190473
2 188629 187424
2 190158 186484
2 186211 186802
2 210013 187569
2 199035 142252
2 186222 187575
2 188666 188502
2 186268 186535
2 189930 190170
2 190298 209546
2 188640 197628
2 190424 186317
2 186652 190263
2 186384 188692
2 186539 189431
2 188724 188670
2 186211 186689
2 190026 186240
2 187426 188650
2 189457 189373
2 188892 189450
2 188659 188702
2 188877 188928
2 186208 186208
2 190033 186194
2 189446 188748
2 189080 187297
2 186395 189431
2 187424 188457
2 189432 189408
2 189346 188538
2 187583 188718
2 186411 188799
2 188607 188873
2 190248 190158
2 188787 188878
2 186368 190714
2 189930 186242
2 187526 190138
2 189101 187328
2 188855 187480
2 188719 188766
2 213380 150632
2 188745 187536
2 186218 188394
2 186262 186279
2 188881 188672
2 187518 186996
2 186376 189431
2 189108 186498
2 190114 186244
2 189330 189182
2 188774 189121
2 186249 186391
2 189088 190737
2 186982 188898
2 186231 186346
2 188661 188843
2 187549 190309
2 190128 188746
2 188920 188722
2 189405 188563
2 188612 189139
2 189140 188673
2 189679 198951
2 189673 198951
2 186226 189419
2 186210 198456
2 190065 186305
2 186348 186248
2 188702 188619
2 190175 188687
2 189673 186306
2 187536 188624
3 189718 190200
3 186502 186982
3 186231 189410
3 187791 187284
3 188942 189123
3 188756 186293
3 186564 190123
3 188313 188138
3 190123 186484
3 186480 189721
3 187561 189960
3 187485 188818
3 188653 187634
3 187402 189367
3 188657 189338
3 188677 198231
3 209843 186532
3 187335 190242
3 187033 188445
3 188659 190632
3 209633 188645
3 190446 187070
3 188839 199036
3 188731 198951
3 186511 186245
3 188846 188609
3 186228 189448
3 188635 189343
3 189451 188703
3 198373 189943
3 186311 186469
3 186365 139926
3 210014 190594
3 190121 189868
3 188609 188423
3 187540 186227
3 186232 188792
3 209650 187650
3 190324 186668
3 188953 189181
3 188736 189430
3 186769 190177
3 190402 186902
3 188669 188846
3 189718 189978
3 187544 186502
3 186220 186751
3 187548 186309
3 188366 190077
3 186568 188727
3 189449 186993
3 189756 189760
3 186252 190318
3 186310 186229
3 214891 189424
3 187560 187570
3 186431 186453
3 186962 188680
3 198952 186975
3 189954 190281
3 186431 186764
3 188686 189410
3 187531 186310
3 189925 190554
3 188700 188870
3 189718 190174
3 188478 188462
3 186555 187498
3 189735 187500
3 186285 187284
3 213176 189706
3 213380 188666
3 188719 188720
3 186245 190265
3 186342 188452
3 186944 188920
3 211397 186496
3 187628 188736
3 186668 186793
3 189180 187529
3 187473 188533
3 186228 187568
3 194923 198373
3 188476 188675
3 213176 190596
3 186317 187565
3 188633 188720
3 210013 198373
3 188772 188438
3 189972 190201
3 186375 186319
3 188761 189441
3 198373 150684
3 187305 186829
3 188606 188918
3 187527 186736
3 186333 187565
3 199035 187561
3 188824 188856
3 211397 187246
3 188855 187583
3 190450 187526
3 210014 142572
3 189734 187536
3 189405 188691
3 188636 188700
3 186365 188776
3 187321 187445
3 187603 188809
3 188866 186395
3 187423 188486
3 186369 189956
3 140723 144315
3 188481 188535
3 186231 189662
3 188451 187599
3 187470 188642
3 198952 187796
3 186457 186727
3 187449 190545
3 199035 169722
3 190249 190138
3 186417 187358
3 190634 188671
3 209843 187555
3 187354 189718
3 186502 189444
3 188780 189419
3 188611 188429
3 188661 186331
3 187552 186310
3 186847 186778
3 189441 189418
3 189956 187425
3 188827 188872
3 189958 186237
3 189445 187278
3 187418 190153
3 186455 186239
3 187491 187308
3 189750 186226
3 186227 186739
3 188855 188731
3 188649 188723
3 186748 187516
3 187491 187586
3 190672 186252
3 187473 187309
3 187528 190311
3 189108 189013
3 186202 188539
3 186395 189770
3 188876 189336
3 189236 189017
3 190065 186958
3 189435 188614
3 188409 188201
3 187553 187520
3 186388 190264
3 188944 189335
3 186211 188787
3 188762 188858
3 188913 186354
3 186740 186961
3 188500 189419
3 189772 189743
3 188496 188436
3 188490 187280
3 189666 148804
3 186411 189431
3 189440 186220
3 188783 186349
3 189135 188497
3 187559 186230
3 186311 188947
3 186936 186353
3 189101 187542
3 190136 189967
3 188510 188586
3 186975 186304
3 186361 186199
3 187480 189142
3 187003 189335
3 187485 189116
3 188888 189382
3 190594 187460
3 188722 186953
3 186695 186522
3 187449 187325
3 186211 187536
3 186537 188450
3 209650 188766
3 187628 187402
3 189088 187413
3 189667 190265
3 188667 190078
3 188468 189739
3 213165 186322
3 188722 189419
3 186389 186515
3 189945 190047
3 186195 190362
3 186297 186742
3 186352 186948
3 188726 186260
3 186210 187493
3 187473 188781
3 186237 186310
3 189135 188446
3 190247 186356
3 190654 188501
3 186347 187052
3 186414 186552
3 213380 140691
3 186217 186283
3 186306 186221
3 188731 186942
3 190043 188758
3 188834 188674
3 187585 188659
3 140046 189939
3 186488 186470
3 186262 186218
3 187503 188723
3 190565 187435
3 189449 213165
3 190129 188705
3 186198 186443
3 188773 188720
3 188673 187540
3 188716 189326
3 188866 188683
3 188804 188436
3 187004 188865
3 189443 187067
3 187505 189648
3 186559 188736
3 199449 188734
3 186430 186672
3 187503 187459
3 188880 188527
3 140930 140930
3 188915 188869
3 189760 187519
3 186940 186350
3 188888 187541
3 188663 187300
3 186373 188672
3 189837 187531
3 197407 197928
3 186258 187567
3 188910 189246
3 189325 186210
3 187329 188469
3 189441 186932
3 186310 188732
3 198373 186319
3 187449 186211
3 188629 187480
3 186939 186452
3 188699 188824
3 187470 188469
3 188873 189246
3 187002 186523
3 186664 187530
3 189432 186534
3 188693 188936
3 214926 189187
3 189101 188478
3 190060 139913
3 190164 189765
3 186416 187523
3 188090 186310
3 186965 186939
3 186248 186699
3 187506 187506
3 190106 189724
3 190029 189405
3 187576 188824
3 188868 187410
3 186350 189680
3 188717 188825
3 187583 188650
3 189438 186310
3 188944 188968
3 198373 189038
3 188849 188735
3 188849 187416
3 187618 188432
3 188835 190653
3 188567 188837
3 186526 186310
3 189444 188743
3 187508 188855
3 187353 198373
4 186202 190713
4 209650 187518
4 187587 189433
4 189837 189419
4 187322 190225
4 194982 204403
4 190238 188792
4 198373 187520
4 187423 188865
4 188453 188380
4 186310 189435
4 187623 188549
4 189994 209843
4 186343 187447
4 188815 188749
4 188879 190596
4 189131 187511
4 189749 188816
4 190002 186341
4 186216 187052
4 188664 190125
4 187429 187428
4 188758 188664
4 188833 188724
4 186353 186701
4 186355 188662
4 188621 187435
4 190443 188612
4 188813 188556
4 186366 188750
4 189424 188862
4 186305 188844
4 190203 186225
4 189759 187570
4 213165 194631
4 213380 200469
4 186385 189936
4 186965 186516
4 188749 188657
4 189681 190159
4 190332 188823
4 189376 188838
4 188458 188707
4 188888 188847
4 139843 140112
4 190281 186343
4 189706 187483
4 189435 187410
4 210951 187516
4 188697 188897
4 190385 190135
4 188770 190633
4 186309 190244
4 188394 187408
4 189422 186545
4 186428 186636
4 186233 186247
4 210014 186719
4 188731 186250
4 212108 179416
4 188733 186460
4 188493 187470
4 188440 187479
4 187661 188370
4 188876 189447
4 187522 188774
4 188453 188856
4 187506 188670
4 189743 186463
4 189124 189280
4 213165 196401
4 187620 189132
4 188481 188841
4 186342 188664
4 188867 189236
4 189118 188866
4 187350 188664
4 189725 188460
4 186477 188585
4 186345 190241
4 188856 188633
4 198373 187479
4 188949 188734
4 186406 186367
4 189137 188067
4 187562 214899
4 190057 186938
4 187580 188704
4 190313 186755
4 188716 188660
4 186317 190297
4 190276 56554
4 198366 190104
4 188795 187526
4 186281 190001
4 190446 186235
4 186233 186490
4 186568 186367
4 188424 186362
4 190133 189430
4 189682 186211
4 189330 188936
4 188883 188753
4 186400 186939
4 187506 188831
4 186519 186369
4 190474 186690
4 189667 190052
4 188628 188719
4 190470 188754
4 189833 186522
4 189368 188950
4 186570 189749
4 188916 188873
4 188475 188784
4 186942 186404
4 186558 186210
4 189098 188313
4 186358 186309
4 190335 186539
4 190135 188751
4 187433 187452
4 186518 189330
4 186435 188701
4 188494 188872
4 188950 186515
4 190386 187053
4 190122 186507
4 189419 186371
4 187424 188694
4 189406 141035
4 187576 186339
4 187457 189770
4 188702 187095
4 188805 188459
4 186364 188482
4 189860 187398
4 188730 188851
4 187563 186410
4 188476 188766
4 188747 186321
4 186393 186951
4 186310 190178
4 188945 189129
4 188665 189411
4 188905 187284
4 187560 189433
4 186774 186747
4 188665 211397
4 186310 188403
4 186941 186306
4 190062 186359
4 188642 188841
4 186343 186216
4 188732 186973
4 190113 186261
4 189764 186233
4 190587 188675
4 186417 189435
4 187582 186361
4 187555 186413
4 187309 187662
4 186982 188687
4 187610 188653
4 186367 189427
4 187422 190594
4 190068 189706
4 189095 188420
4 187039 187491
4 189427 189660
4 188748 186351
4 187424 187521
4 198952 206480
4 186431 186982
4 188679 189662
4 213165 187526
4 187537 187055
4 186645 186645
4 188724 187052
4 209418 188860
4 189444 188858
4 187660 187660
4 188609 188452
4 187392 187392
4 189735 49602
4 188855 188491
4 189226 189174
4 186236 186463
4 187552 190243
4 186436 186461
4 190285 196906
4 186331 188728
4 188720 187552
4 187465 187178
4 189759 186294
4 188699 198373
4 187634 189280
4 189449 186665
4 210013 213041
4 187335 189412
4 188722 187538
4 190133 187400
4 190308 186757
4 188895 186394
4 190112 186471
4 186574 186505
4 188474 190001
4 188920 186523
4 186271 186645
4 189744 186243
4 186470 186743
4 187622 189321
4 186539 186504
4 189426 187556
4 186378 187529
4 188913 186408
4 186678 187574
4 186254 186301
4 190587 187482
4 188913 189438
4 198373 186436
4 188797 188649
4 186238 186410
4 186875 186282
4 189081 188630
4 190474 189435
4 187393 186350
4 187531 188677
4 187581 186293
4 189433 188945
4 188871 188633
4 190263 186252
4 188658 188801
4 188761 187576
4 186488 186391
4 188633 188417
4 187482 188609
4 188879 188840
4 190123 187435
4 186306 190101
4 188912 189326
4 213165 186317
4 188499 190318
4 187484 187436
4 213165 136893
4 187553 187582
4 189760 187515
4 188766 212410
4 187455 187381
4 189324 189212
4 198366 186202
4 139902 140101
4 186993 187431
4 210014 143687
4 186398 186960
4 210014 201492
4 189740 190020
4 187422 186310
4 187587 186395
4 189117 198373
4 186261 186514
4 186875 186235
4 188888 188788
4 213380 149652
4 187555 189417
4 188916 189337
4 188664 190282
4 190023 188700
4 187337 188660
4 186317 188662
4 187518 186993
4 186392 187586
4 189908 189976
4 186260 142539
4 188761 186964
4 190517 186375
4 188632 188714
4 186331 186211
4 190123 186767
4 189724 189724
4 188762 189115
4 187488 187549
4 188511 188651
4 186330 189965
4 198373 187567
4 188777 188499
4 188760 188686
4 189437 186337
4 189709 189766
4 187555 188742
4 188878 140024
4 188803 189405
4 187515 188920
4 188773 188668
4 187548 188482
5 190446 187326
5 186964 189948
5 198373 38604
5 186503 186313
5 189082 189924
5 188660 186310
5 209651 188660
5 188744 187515
5 186210 186962
5 186439 190103
5 187520 186571
5 188756 186493
5 188768 188695
5 186398 186957
5 189101 187542
5 188719 187435
5 186337 189447
5 188812 188900
5 186410 189936
5 186227 188768
5 188703 188624
5 186417 186218
5 188881 190695
5 186193 186268
5 190453 188900
5 186234 188744
5 188476 188676
5 189446 188817
5 187295 187333
5 210014 186410
5 189970 189767
5 186559 186285
5 188836 189090
5 186395 190140
5 188499 188449
5 188620 199036
5 186271 186748
5 188660 187530
5 186518 186210
5 188705 187556
5 188666 188584
5 188658 187537
5 188897 187561
5 186349 186715
5 188655 186310
5 188674 188820
5 188676 187578
5 189756 189125
5 186652 189420
5 186365 186231
5 186335 188699
5 188366 188401
5 189174 188706
5 189367 189078
5 189121 189165
5 187264 187609
5 190137 188433
5 195169 197555
5 189972 186461
5 189666 148804
5 187418 188748
5 190453 189441
5 188880 188916
5 187515 188733
5 186257 187520
5 187410 188404
5 189120 188866
5 187521 141521
5 187609 187612
5 188657 187526
5 187337 188690
5 186220 186263
5 187634 189140
5 188773 189378
5 186350 186989
5 186434 151628
5 187554 186363
5 187551 187534
5 186539 199036
5 189082 188852
5 187631 188825
5 210014 190307
5 187303 187610
5 187557 189962
5 187469 188547
5 188823 187540
5 187791 188440
5 186223 198951
5 199035 189418
5 188366 187288
5 190334 187522
5 186304 186226
5 188680 188584
5 188626 188862
5 190113 187538
5 187470 187398
5 188660 210951
5 189965 187550
5 186426 189433
5 190122 186365
5 189332 189135
5 188022 188417
5 188808 188691
5 199035 188922
5 186741 186340
5 188922 187444
5 188827 186876
5 189876 186488
5 187486 190596
5 189910 190496
5 187475 188883
5 188477 187554
5 186345 188840
5 189441 188865
5 187658 186876
5 186519 189426
5 188746 188460
5 188793 189344
5 189417 135137
5 198373 205557
5 209842 187549
5 186331 186211
5 186939 188718
5 186537 188661
5 189681 188478
5 188792 189428
5 189842 151200
5 187383 187422
5 189439 186310
5 187442 187507
5 209546 150531
5 186946 186433
5 188645 188814
5 190136 186288
5 186352 188766
5 186535 187424
5 189373 187398
5 186258 188878
5 186558 187523
5 198366 189986
5 190172 186455
5 209842 188759
5 187511 187470
5 186254 190131
5 186212 139807
5 187562 189863
5 186368 189838
5 189318 189385
5 187356 186557
5 186250 188656
5 188674 186309
5 209843 189408
5 188730 188776
5 139894 141553
5 190690 187292
5 186480 187433
5 188664 198951
5 187509 188809
5 188867 188851
5 190302 189716
5 187560 189432
5 189339 186667
5 190279 190135
5 189798 189813
5 188836 188620
5 188845 139898
5 190182 186535
5 186982 209842
5 213165 186298
5 186982 140450
5 188793 188819
5 189842 198373
5 186409 187545
5 186374 187485
5 186365 187579
5 186385 187482
5 187489 188387
5 186503 186509
5 188492 187469
5 209843 210314
5 187326 187500
5 190595 187508
5 188695 188603
5 190050 190302
5 186248 186519
5 189662 187512
5 188730 187417
5 188699 188844
5 186210 187039
5 186230 188641
5 186356 186242
5 189425 186201
5 188671 188724
5 189435 187354
5 210014 190271
5 188437 187297
5 195106 202410
5 188757 186535
5 186211 189749
5 188664 186210
5 188799 188682
5 188603 188373
5 188947 197681
5 190311 189445
5 189685 189744
5 189682 189911
5 186522 186207
5 186942 188474
5 189419 186202
5 186543 186257
5 188945 188624
5 187583 187356
5 188727 189433
5 188858 187422
5 188214 189267
5 188614 141065
5 189405 187569
5 186518 186355
5 186399 187510
5 189418 187565
5 187053 190140
5 213165 195230
5 187362 190048
5 186343 189430
5 186874 189413
5 190359 140723
5 186234 189344
5 209843 180966
5 187046 186979
5 188795 187791
5 186343 187583
5 210014 187576
5 209651 187004
5 187549 189433
5 186475 186210
5 198373 204437
5 187558 188650
5 188474 187578
5 187482 189441
5 187546 189405
5 186582 141534
5 188729 186222
5 213165 207827
5 210574 187549
5 194598 194598
5 210014 186482
5 189702 187496
5 188529 187333
5 186452 145096
5 186324 186227
5 188661 188412
5 186213 190541
5 188861 186960
5 187567 189119
5 186744 186383
5 189416 188702
5 188909 189345
5 190324 187565
5 210574 188490
5 188650 186321
5 190200 140690
5 186770 188924
5 189332 188555
5 189430 188386
5 189421 188741
5 187349 198373
5 187525 189410
5 190119 189435
5 213380 203377
5 190031 189802
5 198373 187557
5 190096 141178
5 188505 186237
5 186230 188857
5 190547 186960
6 187318 189412
6 190444 186328
6 188476 187398
6 186585 186310
6 186582 190141
6 188775 189385
6 189407 187047
6 189429 188707
6 188483 189763
6 188888 188873
6 209418 187580
6 186350 188681
6 186783 187565
6 186616 186670
6 186351 189432
6 186947 186947
6 198373 189438
6 188650 189411
6 186390 190171
6 189647 187554
6 189324 188330
6 188429 188651
6 189087 188839
6 186950 188934
6 186777 189704
6 186554 187551
6 188667 189449
6 188856 189123
6 186439 187485
6 188473 187507
6 188476 188125
6 188645 187507
6 187549 189439
6 190129 186743
6 186650 186229
6 188823 188865
6 186232 187576
6 186435 188661
6 188427 188386
6 188766 198373
6 186380 212410
6 190335 186325
6 186500 186407
6 187470 141893
6 187568 188616
6 186461 188713
6 189794 49617
6 188823 187538
6 189737 189432
6 188464 189936
6 187484 187551
6 187544 188471
6 188729 188921
6 189671 187402
6 213380 171901
6 186228 186543
6 190119 186310
6 188708 186393
6 187531 209843
6 186368 188817
6 188437 188445
6 187562 188771
6 188679 188766
6 188837 189056
6 189341 189126
6 188532 187513
6 187203 190368
6 186443 189758
6 187523 190270
6 187439 189124
6 186222 190121
6 188719 186259
6 186406 187558
6 186398 186210
6 188694 187092
6 186208 187539
6 199035 139884
6 186261 189749
6 186398 187572
6 189410 190473
6 189135 190735
6 187560 186212
6 189725 49621
6 189103 188315
6 186950 188873
6 187567 189410
6 187405 198951
6 189685 212410
6 190135 186265
6 142261 140709
6 140127 143306
6 186249 186574
6 140162 188758
6 186428 188683
6 186480 186535
6 188824 186393
6 189357 187583
6 198366 143679
6 189981 189433
6 189978 187364
6 198373 188456
6 188706 188769
6 187549 213380
6 186796 186567
6 198373 189732
6 188718 188132
6 213165 135525
6 187470 188666
6 190138 188666
6 186989 187383
6 189988 187570
6 188950 189432
6 186484 189405
6 186391 190234
6 186387 187522
6 190244 186293
6 188730 186238
6 189441 186513
6 188888 188852
6 186518 209843
6 187469 187273
6 188729 189332
6 214899 188709
6 190050 187523
6 186397 186535
6 186312 188858
6 189703 190015
6 188766 188630
6 186485 187010
6 187457 190206
6 188947 189326
6 188838 187574
6 187610 189574
6 186234 187531
6 186444 187516
6 189773 186328
6 186222 186312
6 188816 189385
6 187424 189761
6 188437 188444
6 186306 186498
6 186287 190235
6 189117 188611
6 189174 188858
6 188683 189418
6 209842 206047
6 187544 187274
6 190277 188662
6 189763 189764
6 186384 188744
6 211084 140647
6 187283 188490
6 190446 188716
6 187493 187560
6 186515 188942
6 187158 189956
6 187503 188766
6 187470 187420
6 188924 188923
6 186533 190290
6 187333 190663
6 140039 186434
6 189406 189969
6 188944 187470
6 188711 190135
6 187321 189722
6 188446 189328
6 188674 189845
6 190050 186317
6 186517 186269
6 186477 187519
6 188492 186245
6 188474 189317
6 187543 190201
6 189733 186214
6 190228 141160
6 188708 188642
6 186931 186654
6 186479 188971
6 187509 188886
6 188834 189356
6 187558 187529
6 188942 188450
6 189335 188921
6 188936 188651
6 187355 187388
6 188821 187620
6 186415 187135
6 187481 188671
6 186598 187064
6 186515 190138
6 188604 187552
6 187536 186596
6 186218 186337
6 187485 187630
6 188452 187440
6 186227 186751
6 187022 189721
6 186327 186293
6 189907 140733
6 189735 186937
6 187528 186941
6 188879 187791
6 187507 187465
6 188909 188628
6 187484 188661
6 199035 186576
6 208510 188971
6 188664 186772
6 188211 189761
6 189417 189662
6 210014 198373
6 188625 188489
6 189410 188697
6 187406 187517
6 187553 188653
6 187488 188714
6 199035 188693
6 187449 187318
6 188719 186667
6 188817 188839
6 186249 190049
6 188379 187305
6 207597 189705
6 188429 186206
6 188733 186543
6 188810 188881
6 189723 189723
6 189324 187487
6 189183 188801
6 186210 187582
6 186234 189109
6 187506 187400
6 186210 188680
6 187482 189712
6 189419 199036
6 189733 187557
6 186217 189435
6 188732 186393
6 188820 189355
6 190039 190039
6 188798 188700
6 189123 188820
6 209651 187549
6 189678 188590
6 188706 187071
6 188755 186966
6 189438 188793
6 186772 186568
6 188733 186210
6 188714 189324
6 188493 189420
6 187398 189655
6 198373 198373
6 189956 190064
6 188674 186386
6 186376 190320
6 190100 190135
6 190059 186536
6 189722 187433
6 188426 186474
6 186428 186329
6 186578 190050
6 188664 199035
6 189336 188959
6 210014 188650
6 188746 210014
6 189712 190198
6 187503 190267
6 188658 187651
6 186334 186682
6 188892 186873
6 188791 188502
6 209650 190052
6 186557 186389
6 186397 186243
6 188762 186341
6 188660 187510
6 188779 188083
6 188389 187455
6 186424 189807
6 186545 189428
6 187565 187566
6 186238 188727
6 186230 139871
6 188945 188797
6 186498 187513
6 186371 186456
6 188770 190209
6 187543 187583
6 189101 188734
6 186351 189433
6 189126 189341
6 189441 189743
6 189685 187361
6 189725 186268
6 188762 189081
6 189899 186482
6 187402 188841
6 189420 186357
6 186247 190323
6 189425 188829
6 188805 188673
6 188888 188790
6 186207 190153
6 188712 186310
6 187557 187439
7 186361 187507
7 186525 186504
7 188888 189114
7 186196 186334
7 188764 186310
7 189685 186937
7 186356 186439
7 214852 251490
7 187555 188856
7 186261 188744
7 187565 188729
7 189435 186310
7 188636 188826
7 186234 187569
7 188653 189411
7 186217 188653
7 186368 187279
7 186393 186936
7 186467 189939
7 187337 186318
7 186284 186305
7 186445 186482
7 187488 188728
7 213165 187789
7 188760 189362
7 190469 186194
7 213380 203949
7 187497 190542
7 186216 189727
7 210574 189756
7 188684 189327
7 209650 187580
7 187521 188680
7 190119 194535
7 189328 186568
7 189710 186458
7 187556 199601
7 190017 189865
7 198373 186350
7 190122 188701
7 187407 186295
7 190159 186661
7 186505 186385
7 188780 189149
7 187483 187586
7 189998 189448
7 187439 187429
7 189349 187583
7 187516 186310
7 198373 187576
7 189980 187364
7 187515 188788
7 187501 186309
7 189724 187571
7 187527 186372
7 187302 187735
7 186327 186293
7 189446 190140
7 186216 186423
7 189455 188848
7 188462 187556
7 188769 189410
7 189406 188720
7 210014 188692
7 188493 188895
7 187422 187006
7 189980 187554
7 188720 186203
7 188667 186337
7 188839 189046
7 188888 188778
7 136397 189967
7 188476 187567
7 187343 188468
7 188848 186237
7 214899 188380
7 213165 188631
7 187487 187584
7 186351 188609
7 187280 187560
7 189936 186566
7 186281 187566
7 188868 188882
7 188714 188742
7 186428 187518
7 188666 189761
7 190136 187422
7 190565 188673
7 186434 188697
7 186232 188896
7 189789 186214
7 186361 187361
7 188419 188455
7 187522 187436
7 189864 188725
7 190120 187503
7 189117 188792
7 189843 187422
7 186373 186508
7 187546 188638
7 188623 188856
7 189733 188459
7 187510 188672
7 187564 190314
7 187449 188674
7 210013 186571
7 187460 187469
7 186993 186937
7 187382 190596
7 209842 186397
7 188486 188638
7 190390 190002
7 189423 186250
7 186489 186359
7 187455 188473
7 186338 190267
7 187536 190265
7 190453 188920
7 187548 187518
7 188726 189410
7 190549 209545
7 188787 190651
7 187400 188557
7 190378 187485
7 188921 189369
7 188437 188533
7 187576 189337
7 188471 188857
7 213165 187289
7 188727 188798
7 189421 187506
7 186945 188867
7 188168 189120
7 188614 188473
7 210951 187288
7 187550 189326
7 187536 188578
7 188460 187435
7 186259 186953
7 188629 189411
7 190173 189926
7 189681 186301
7 189979 189686
7 188820 188719
7 189143 189183
7 188728 186953
7 186743 186343
7 189436 189438
7 187434 186946
7 188776 188903
7 189443 187333
7 187536 189425
7 190203 190254
7 186602 189405
7 186206 187402
7 187202 186766
7 186356 188608
7 188857 187556
7 188910 187470
7 186440 187096
7 189428 199036
7 188878 188731
7 188664 189373
7 186411 186356
7 186228 186211
7 198366 187423
7 186387 190134
7 186307 188776
7 186434 188669
7 187299 187362
7 188894 187011
7 187460 190244
7 189725 190158
7 186226 188654
7 189938 186861
7 186888 190050
7 188706 186346
7 189430 189335
7 188730 189093
7 188638 190596
7 189135 188633
7 190446 189436
7 189442 186692
7 187357 186395
7 186989 188902
7 187554 189433
7 188732 186943
7 188626 189125
7 188366 187304
7 186505 188493
7 188496 189331
7 188676 188872
7 186519 186523
7 188689 186343
7 188667 186345
7 186222 186209
7 186210 189804
7 190126 189410
7 188872 140733
7 187301 187300
7 187544 187392
7 188714 189435
7 188682 188682
7 190322 188677
7 187469 188773
7 187393 186214
7 187479 188452
7 186506 188732
7 190265 187318
7 189435 186326
7 186255 189952
7 189437 187528
7 186777 186294
7 141479 141523
7 186411 186543
7 188436 188767
7 188828 188835
7 139904 150527
7 188717 188630
7 188722 186317
7 187418 189129
7 190200 189408
7 189685 186535
7 186283 186680
7 188638 186336
7 209843 190016
7 140270 188679
7 188786 188671
7 188417 188423
7 188722 187487
7 188314 188498
7 188724 189336
7 188671 188866
7 186940 186993
7 186212 190123
7 187480 186988
7 187481 186310
7 187381 186945
7 194599 194599
7 187326 188544
7 187489 188668
7 188420 190595
7 188912 188669
7 188660 187538
7 189092 189232
7 189405 189659
7 198373 188664
7 187354 186744
7 186543 210014
7 189408 189686
7 190507 186352
7 186390 186676
7 188943 188818
7 190282 190596
7 189444 189781
7 188704 186946
7 186486 187383
7 187520 140690
7 188634 189439
7 190310 186270
7 208505 186444
7 190042 188690
7 188833 188821
7 186565 190041
7 188868 188421
7 186309 198951
7 188721 186424
7 188642 189759
7 209651 188378
7 189454 186440
7 187485 187303
7 188760 186985
7 188809 188897
7 186672 189405
7 190358 189980
7 188474 186552
7 188665 142087
8 188741 199036
8 198231 198233
8 186397 189422
8 186541 189431
8 188888 188584
8 187554 186310
8 187283 188438
8 188942 187568
8 194962 186506
8 189792 186549
8 186397 186194
8 188663 189324
8 187597 189415
8 188748 198373
8 186504 188942
8 186250 186811
8 188676 189743
8 188972 189053
8 186236 139808
8 186428 187520
8 187422 187620
8 188772 190121
8 188934 189331
8 190515 190515
8 213165 189326
8 198373 212576
8 187068 186391
8 188845 187283
8 188705 186488
8 140054 142557
8 188690 189342
8 189950 187424
8 190267 188688
8 186941 198951
8 186212 141428
8 186207 186245
8 188874 188665
8 190310 213380
8 186393 186305
8 188815 188914
8 187487 188660
8 186354 186969
8 186434 188761
8 188762 188762
8 190390 190390
8 186263 189658
8 186545 186354
8 186946 186519
8 188776 187286
8 188410 188784
8 186309 190178
8 189405 190221
8 189431 186407
8 186348 189324
8 187550 186216
8 188827 186436
8 188832 187308
8 198366 186419
8 198373 189682
8 186504 189436
8 188882 188876
8 188724 189845
8 189939 186251
8 189441 190257
8 186305 151820
8 188684 186437
8 186317 187575
8 188798 187546
8 189930 187488
8 190050 189788
8 188888 188878
8 186606 186417
8 186941 188666
8 187515 188656
8 188473 189423
8 187568 186332
8 188461 188461
8 189725 187571
8 188917 187553
8 188762 188669
8 197453 197725
8 186417 49621
8 187543 190672
8 188461 190596
8 189686 187381
8 189385 187066
8 186954 186502
8 188887 198373
8 186964 186455
8 188788 188620
8 189035 189011
8 186944 198373
8 188824 189140
8 188662 188662
8 189427 187526
8 188651 186310
8 188921 49617
8 186672 190085
8 188728 188812
8 188655 189125
8 187437 187520
8 189788 187481
8 186203 189647
8 189435 188848
8 188752 186343
8 186309 189327
8 187570 188857
8 190453 188167
8 186382 189438
8 186254 187479
8 187504 189433
8 186516 189336
8 187425 186270
8 187341 199036
8 186292 188890
8 187447 189656
8 189115 188810
8 188756 186970
8 186574 186305
8 189647 190460
8 187479 190596
8 187559 187518
8 187469 188487
8 187911 189437
8 188947 189344
8 189137 188793
8 190377 186211
8 187338 187402
8 187582 199036
8 189735 186223
8 188792 188766
8 187575 209654
8 187565 188450
8 190140 49621
8 186410 190310
8 198373 201663
8 187515 188720
8 198952 187515
8 186210 186982
8 190140 186553
8 189656 189802
8 188860 188685
8 186394 187516
8 189421 186254
8 188629 187556
8 188440 188364
8 186259 187512
8 190086 189719
8 186989 190190
8 188837 188661
8 188671 186230
8 188489 189123
8 187586 187585
8 188714 186979
8 188621 188676
8 186387 186302
8 188474 188720
8 187661 188496
8 188629 188674
8 187692 189340
8 187060 186454
8 186210 190596
8 187358 188864
8 186549 140100
8 187572 187529
8 186208 186284
8 186553 187535
8 187531 186310
8 187541 188855
8 186240 188426
8 186857 186504
8 186248 189760
8 188714 189433
8 189446 189367
8 188587 186310
8 186539 189428
8 209842 209650
8 188607 188736
8 187318 187563
8 189385 188748
8 190122 186211
8 187470 187501
8 187544 187544
8 187562 186310
8 188662 189099
8 186356 188727
8 187429 186214
8 208561 208561
8 187303 210014
8 186214 190120
8 186309 189432
8 186193 189712
8 190362 188700
8 188562 188421
8 188627 188810
8 190135 189960
8 209418 188735
8 186249 187568
8 186342 188943
8 198492 198373
8 198376 198373
8 186519 186579
8 190032 186484
8 186719 188841
8 188833 189359
8 189345 188831
8 187624 187624
8 189436 186534
8 194599 194599
8 190469 189410
8 190576 189662
8 194937 187449
8 198231 186589
8 188766 189137
8 188908 186498
8 188950 188674
8 189280 189059
8 186245 187561
8 187349 187284
8 140042 140113
8 188751 197576
8 188857 189330
8 189326 188863
8 188426 188464
8 186376 188868
8 199035 187292
8 189328 187471
8 198231 188662
8 198231 186493
8 188453 188538
8 187628 188722
8 188734 186996
8 190203 189763
8 186315 187577
8 188469 187550
8 188890 198373
8 187517 187481
8 188487 187470
8 186765 186745
8 186282 190349
8 190167 190167
8 187349 190124
8 188714 186386
8 186226 189759
8 186458 187138
8 198366 195543
8 189101 189127
8 188663 188847
8 188668 188462
8 141041 186568
8 187587 186437
8 188736 187564
8 197674 197692
8 187584 188643
8 186515 189346
8 187390 186218
8 188440 190506
8 197731 197908
8 187515 187400
8 186368 186250
8 188719 188726
8 190097 186454
8 188691 187305
8 188760 189435
8 188839 188432
8 188894 189447
8 186469 186653
8 188874 188728
8 186557 198373
8 214899 198373
8 187356 186318
8 188882 186349
8 203417 203484
8 195610 195225
8 186942 186210
8 189450 189410
8 188769 188729
8 186274 186875
8 188671 186585
8 187460 188458
8 187337 188684
8 188682 187499
8 188870 186454
8 187422 186947
8 188664 186338
8 198366 186230
8 187383 186310
8 188664 198373
8 188718 188633
8 188457 188441
8 186581 186533
8 189341 198951
8 213380 212496
8 186309 189444
8 190044 187382
8 188837 188722
8 189675 189930
8 209650 190713
8 186231 188470
8 198231 198231
8 198373 186221
8 188894 186321
8 189908 190318
8 188701 188809
8 187550 186231
8 189766 189843
8 188811 188706
8 189436 186337
8 186724 188912
8 189908 190553
9 187480 187381
9 187305 188389
9 188736 199036
9 188464 189648
9 190473 186216
9 186255 186463
9 188850 186580
9 198373 187969
9 190118 186434
9 188837 186225
9 187502 189103
9 188781 188756
9 187284 188911
9 188704 186395
9 188629 189420
9 186391 190215
9 189432 187530
9 187557 187560
9 188461 189789
9 190587 186353
9 188457 188585
9 186226 189876
9 189894 189430
9 188920 189334
9 187523 190135
9 188888 189123
9 187444 188368
9 186419 189740
9 189330 189124
9 186229 186982
9 188882 189793
9 186461 186411
9 187003 186194
9 186218 187309
9 189445 186370
9 188880 188612
9 188768 188801
9 186873 186389
9 197718 198373
9 186652 186333
9 190020 190163
9 186335 186378
9 188666 188952
9 188747 187424
9 188825 188838
9 189406 187535
9 188864 186938
9 187627 189090
9 190283 189709
9 198366 189210
9 188877 187538
9 188710 188315
9 190113 189182
9 190453 188658
9 195264 210951
9 186650 186338
9 190475 190158
9 187506 188789
9 188781 188850
9 190175 186225
9 186589 190576
9 186743 190267
9 186764 189750
9 198373 187575
9 188691 190196
9 190035 189967
9 209651 188696
9 187426 189877
9 190334 190334
9 186428 186502
9 186369 188650
9 186212 186281
9 188459 210014
9 209651 188690
9 189443 198373
9 187529 189929
9 188908 189347
9 189099 187412
9 188661 188858
9 190655 188498
9 187348 186229
9 209650 187537
9 186490 143236
9 186391 187001
9 189418 187517
9 189408 188661
9 213380 189528
9 189685 189957
9 186211 188797
9 188922 188799
9 188758 186269
9 188710 141663
9 188719 189326
9 210014 187553
9 186419 190110
9 203418 199036
9 188730 188818
9 198231 188757
9 189725 186245
9 186372 187063
9 189702 150582
9 189744 186731
9 190714 186989
9 188788 188489
9 188425 187497
9 188739 188643
9 186397 186502
9 190421 190021
9 188895 186973
9 194569 186766
9 188798 187511
9 190445 186511
9 188770 140675
9 188948 198584
9 209418 56612
9 186245 186211
9 187482 187405
9 188635 188734
9 186226 186440
9 188828 188167
9 187580 198233
9 188944 187558
9 188627 188629
9 188846 189357
9 186226 187445
9 186489 186542
9 189421 187518
9 186373 190122
9 186312 190123
9 186309 189723
9 186259 188375
9 189436 188633
9 189685 189781
9 207742 208502
9 188850 187402
9 186238 186515
9 188867 188788
9 188062 188069
9 186309 187530
9 189159 144598
9 189841 190132
9 187610 187229
9 198231 141647
9 186548 186548
9 211397 186654
9 190311 187571
9 188944 189417
9 190113 190158
9 186651 186458
9 187495 189410
9 187620 187648
9 186443 187515
9 189113 189046
9 190474 186607
9 189167 189445
9 198231 197812
9 187357 187357
9 186387 186304
9 188899 198962
9 187405 188166
9 190006 188912
9 186311 187568
9 190125 188603
9 186364 187067
9 189735 187522
9 187508 188453
9 187530 187530
9 198373 142568
9 188894 198373
9 189438 190430
9 190468 189441
9 188793 187460
9 186444 186233
9 188649 188637
9 186395 186503
9 189408 189430
9 198373 187581
9 190238 190238
9 186992 188730
9 195614 198373
9 188651 189126
9 187439 188450
9 189356 188968
9 186369 187565
9 189749 187511
9 188626 135181
9 190653 187556
9 188888 188634
9 189655 187585
9 186973 214403
9 189907 189091
9 188663 188774
9 187487 186423
9 209843 188459
9 186210 190206
9 187383 189136
9 188469 188900
9 189448 190251
9 188728 186247
9 187564 186423
9 190299 186439
9 186397 186458
9 188823 187562
9 189643 189643
9 188638 189343
9 189142 186341
9 187572 189741
9 190283 189686
9 188417 188160
9 187503 188675
9 190625 189433
9 186392 186962
9 188942 188697
9 187470 190561
9 187350 187511
9 140007 189766
9 141568 141759
9 198231 187477
9 186411 190325
9 190120 187361
9 187370 186310
9 188730 186410
9 188768 190615
9 187625 187616
9 188720 189127
9 187534 186509
9 188792 189332
9 189327 188723
9 190343 141758
9 141654 140110
9 189430 188762
9 188914 198951
9 189655 189708
9 198962 189746
9 186410 186573
9 186985 187435
9 186309 188663
9 189716 187512
9 188453 187548
9 188913 188917
9 187552 190006
9 188790 188836
9 190311 189736
9 186484 186944
9 188664 189321
9 189956 189986
9 187488 188671
9 187523 188210
9 188660 187538
9 186535 186202
9 187610 188652
9 188888 187561
9 187580 188726
9 210014 210014
9 213165 190059
9 188887 189123
9 188737 186205
9 188915 189438
9 198373 189972
9 186248 186744
9 187392 187392
9 213165 147732
9 188683 188708
9 188909 188810
9 186535 186535
9 186242 189925
9 187482 189433
9 141537 186871
9 189455 188535
9 188630 188880
9 186281 189990
9 189108 188836
9 189332 188631
9 189355 186411
9 198231 189126
9 186541 186322
9 188728 186227
9 186940 186961
9 188881 186460
9 188377 188159
9 214891 188882
9 186651 187499
9 188723 186830
9 187410 189413
9 187565 187646
9 186666 186210
9 190104 197732
9 189723 189418
9 210014 186985
9 189161 188532
9 189095 188417
9 189135 189822
9 186216 186541
9 209651 189408
9 188696 186331
9 190158 186423
10 186508 186960
10 187512 187565
10 188661 187512
10 187422 186329
10 186973 186434
10 186431 186365
10 190702 188379
10 187422 186225
10 188650 187511
10 186453 190096
10 188587 186873
10 188821 188474
10 188684 188691
10 209418 187515
10 187528 187470
10 187546 199036
10 186444 188693
10 209418 187305
10 188712 186324
10 188799 188831
10 188773 188453
10 188475 188364
10 186248 188698
10 190698 188754
10 187487 186513
10 186696 190336
10 187045 186305
10 186424 187482
10 190443 188818
10 188895 188757
10 188844 186832
10 186312 189419
10 198952 198373
10 198231 186417
10 187495 190203
10 187484 189312
10 189325 188749
10 186516 186608
10 188408 188633
10 186407 186950
10 213176 147626
10 189735 189735
10 189948 188877
10 187491 190131
10 213165 186366
10 186461 186232
10 189411 186666
10 188733 187516
10 186260 190307
10 188807 189410
10 190357 186455
10 189654 189412
10 186257 186289
10 209843 187581
10 186230 188633
10 186255 189746
10 214899 188614
10 188793 187114
10 190438 186602
10 188712 187530
10 188664 186193
10 187422 186310
10 186504 189833
10 186325 186566
10 190570 188703
10 189437 198373
10 186508 189331
10 190280 186989
10 189734 186444
10 188744 188638
10 188768 188471
10 189841 189441
10 189410 186990
10 188730 189673
10 189124 188463
10 188400 187496
10 190285 188666
10 189781 190248
10 188394 188837
10 186401 188717
10 188708 189662
10 186306 188688
10 188680 188724
10 190068 189840
10 188651 186310
10 188917 188643
10 188680 188706
10 188731 188665
10 187558 187529
10 187576 187507
10 187516 188816
10 190552 140472
10 186256 187431
10 190301 186350
10 186239 186304
10 186515 189948
10 186436 187159
10 189907 188419
10 188436 188651
10 186962 186882
10 188656 188656
10 187527 190270
10 189650 190356
10 187384 186539
10 198373 186361
10 186655 186404
10 189864 186240
10 188724 188878
10 186936 188779
10 188720 188459
10 186419 190224
10 187339 190001
10 188954 186525
10 189332 188459
10 198231 187004
10 188604 188802
10 186310 189783
10 189116 188872
10 188633 186328
10 189454 187576
10 188736 188672
10 189082 189040
10 190156 189736
10 188943 187406
10 190136 187380
10 186365 188675
10 188621 187423
10 188644 187308
10 190125 187020
10 190359 189916
10 187287 188502
10 190125 190313
10 188888 188787
10 186965 189704
10 188889 188647
10 189349 187496
10 190357 186535
10 189214 209843
10 188455 188213
10 188675 188924
10 187470 189789
10 186474 188656
10 189158 189324
10 188746 188654
10 188688 188853
10 188062 188110
10 187547 189411
10 186518 187518
10 188692 190511
10 186874 186210
10 187568 187493
10 188878 188654
10 189685 189781
10 187556 189411
10 186214 186487
10 188660 186309
10 190126 209650
10 188663 189450
10 189360 188811
10 187340 189662
10 187555 199036
10 188675 186665
10 187418 190553
10 189436 190311
10 213165 195500
10 186946 186260
10 190117 190745
10 189766 190311
10 188609 188620
10 186389 189936
10 188398 188459
10 188770 188419
10 187571 187495
10 189410 186234
10 189863 186385
10 190135 186424
10 189444 187337
10 187571 188812
10 187492 188658
10 186270 186424
10 189432 190157
10 198373 141810
10 186338 188665
10 187392 213165
10 186242 190225
10 189256 186936
10 213380 211833
10 189433 188653
10 190446 186985
10 187493 187447
10 188658 187565
10 188398 188747
10 187587 186662
10 188218 188218
10 187535 198951
10 186228 186991
10 198366 188501
10 188733 188857
10 189838 186211
10 187547 187482
10 186210 188903
10 186942 186210
10 188911 190128
10 188622 188877
10 186479 186938
10 188682 189410
10 186873 187580
10 188888 189344
10 186228 189113
10 140023 150533
10 188701 188687
10 186355 186210
10 187627 188313
10 188880 188841
10 189410 188735
10 188472 188638
10 187279 189873
10 187457 188419
10 186435 186309
10 188895 186992
10 188663 199035
10 186478 186204
10 187504 189673
10 188732 186339
10 189823 189823
10 198231 166434
10 189413 187480
10 198231 141651
10 187284 188441
10 187516 187405
10 188380 186251
10 188724 188498
10 186973 187384
10 186508 186534
10 188913 186982
10 189681 188877
10 189116 188805
10 186413 186304
10 189666 186740
10 188867 199036
10 187293 189357
10 198366 196937
10 187507 188453
10 188822 188854
10 189324 188550
10 188722 188664
10 188836 188934
10 187568 187407
10 186942 187518
10 188755 186501
10 186240 187575
10 186227 141005
10 188628 188856
10 186206 188155
10 186350 189726
10 188888 188722
10 188474 188720
10 186503 186526
10 188428 187287
10 141570 143417
10 189095 188725
10 188772 188878
10 188672 186993
10 189678 187333
10 188652 188494
10 209843 187576
10 140720 140943
10 190653 189409
10 186502 186338
10 186227 190236
10 186202 187523
10 187505 188654
10 188443 187516
10 186734 186366
10 188913 187473
10 189435 188633
10 186371 189431
10 186259 186552
10 211397 188641
11 188882 186876
11 190164 186266
11 199035 202872
11 186502 188571
11 188786 188804
11 189720 186202
11 187479 188812
11 187517 135138
11 188829 187309
11 189135 186209
11 188449 188437
11 188701 187443
11 186544 188721
11 188729 186211
11 213165 207086
11 189438 189410
11 189183 188836
11 188942 187490
11 187495 187457
11 187286 148523
11 187383 187531
11 188698 187424
11 139872 141552
11 141543 186746
11 188708 188774
11 186352 186537
11 188878 188714
11 188421 187614
11 190453 186758
11 189410 186390
11 186398 189431
11 189907 190105
11 186347 186338
11 186439 188648
11 188665 198373
11 186475 188734
11 186218 190313
11 188731 186939
11 188793 188376
11 186207 186268
11 186216 186361
11 186544 186505
11 188784 187491
11 186356 186462
11 198373 202640
11 187582 186391
11 187435 189814
11 190308 188915
11 186460 186948
11 186434 188680
11 188797 188797
11 186251 187567
11 188870 186315
11 190260 189424
11 188762 188611
11 187033 188911
11 198231 189841
11 187264 189220
11 186487 186297
11 187581 188661
11 188657 187526
11 186203 187510
11 188943 186876
11 187551 186342
11 188709 189662
11 187536 190301
11 188529 186715
11 187961 189736
11 187045 186297
11 209650 188855
11 186966 190135
11 189442 189418
11 186873 187551
11 188545 188500
11 190121 189423
11 186376 189431
11 186960 188890
11 190134 189908
11 188660 188950
11 186207 186214
11 187298 190311
11 186479 189328
11 189816 186394
11 188754 210014
11 187559 189448
11 188825 188676
11 198456 194711
11 186230 188834
11 187426 188650
11 187460 189761
11 186668 186285
11 188943 188912
11 187314 188545
11 198373 211751
11 187333 188089
11 188840 189078
11 186463 186351
11 187352 188651
11 186431 186312
11 186240 186304
11 211397 198951
11 188704 188797
11 189343 189343
11 187472 188884
11 186565 189965
11 187564 198373
11 187307 186931
11 189439 198373
11 213380 200505
11 186750 186349
11 207742 187482
11 189454 189761
11 187560 198231
11 210014 186322
11 186400 186535
11 189357 186331
11 213380 207260
11 190201 186385
11 186664 186203
11 188701 194955
11 188482 213165
11 189432 198373
11 141502 187554
11 186232 186279
11 186356 186224
11 210013 186305
11 188653 187556
11 187625 186310
11 189405 187515
11 186226 186210
11 188781 188828
11 190134 198373
11 188633 188896
11 188835 188744
11 188763 188400
11 186568 186338
11 199035 188700
11 189376 187296
11 187420 186535
11 187691 189408
11 186520 186967
11 186251 188888
11 198231 188925
11 190273 188672
11 188860 189123
11 188668 186389
11 139897 190335
11 186226 186963
11 188492 187293
11 187568 188726
11 187306 188666
11 187472 188636
11 189903 186459
11 188874 188921
11 209843 210014
11 186650 186222
11 203417 205790
11 186210 186218
11 188722 187059
11 188821 187621
11 187466 188400
11 188805 187520
11 188824 189078
11 188912 188821
11 189759 188459
11 187558 188659
11 186343 187326
11 197563 197563
11 189336 188633
11 186504 187063
11 186582 188744
11 188863 188369
11 187554 188697
11 187583 186457
11 198231 186377
11 186488 186461
11 187539 186240
11 187473 190596
11 189336 187562
11 190134 186325
11 187434 198951
11 209418 188734
11 186522 186338
11 186367 189446
11 187504 189648
11 187434 186337
11 187358 189703
11 186494 190331
11 186348 186194
11 186598 186304
11 188748 188722
11 190435 186485
11 188657 188389
11 186418 187417
11 190135 186279
11 188777 188676
11 186937 188665
11 188795 187468
11 187516 188734
11 190548 187557
11 186310 197718
11 190198 189741
11 189431 187518
11 188454 186831
11 189101 189116
11 188713 188699
11 190013 186611
11 189843 187522
11 188749 189335
11 189441 187354
11 187473 188456
11 188943 187497
11 188834 189336
11 186279 187324
11 186305 187415
11 188894 188937
11 199036 198231
11 186393 187293
11 186936 186410
11 187567 188897
11 187527 189788
11 186553 140141
11 186220 190182
11 187322 189761
11 186725 186340
11 189987 190337
11 189808 190049
11 186787 187068
11 186526 186435
11 186466 186220
11 188879 186494
11 186368 189658
11 188730 189129
11 188857 186346
11 190030 189432
11 187480 188581
11 209418 187516
11 190116 188374
11 186364 189431
11 187494 189863
11 189446 188851
11 190031 186315
11 186336 186553
11 188721 189114
11 188888 187491
11 188602 187657
11 190404 189689
11 186193 189433
11 188817 188133
11 189086 188173
11 186226 189427
11 211397 188461
11 189894 189749
11 189657 187536
11 187529 189930
11 188746 190214
11 187343 188448
11 190372 186436
11 188719 188452
11 140268 140268
11 188493 189336
11 189447 186663
11 188910 188634
11 186210 188455
11 198231 186945
11 186247 189759
11 186473 186544
11 186365 186946
11 186493 190201
11 188890 188858
11 189716 188414
11 188726 186495
11 187500 187390
11 190477 187558
11 189816 140578
11 190043 186669
11 187457 187590
11 187545 189762
11 189689 186995
11 186969 186584
11 188708 188828
11 188096 188149
11 186540 189709
11 188691 188649
11 186354 187557
11 188638 188881
11 198231 186581
11 140715 209842
11 187418 190115
11 186310 189743
11 188827 186234
11 208647 186745
11 187662 188545
11 188914 189342
11 188724 186366
11 186270 189967
11 186325 190274
11 187293 188777
11 213176 194633
11 186993 189342
11 188741 186331
11 190158 186363
11 189114 189123
11 188827 187551
11 190353 186397
11 189447 186663
11 187512 188696
11 211084 187605
11 188714 188841
11 190121 187300
11 186218 188386
11 188788 189082
11 189865 187364
11 188834 188752
11 187425 187357
11 186466 187482
11 186309 186259
11 188827 186245
12 189432 188674
12 186241 189406
12 189409 187512
12 187503 188845
12 188496 188424
12 190350 188736
12 186262 189367
12 186778 189721
12 188747 189439
12 190587 188661
12 199035 187331
12 187053 188701
12 190308 190615
12 188691 188703
12 187404 186460
12 188683 187134
12 189334 189187
12 189378 188625
12 187301 188817
12 188678 189662
12 188639 188719
12 189723 186212
12 187657 188529
12 188811 186953
12 188700 186946
12 186500 186411
12 189106 188637
12 188401 186302
12 186946 190742
12 187487 188411
12 189956 190060
12 189445 186503
12 198373 135186
12 198373 190192
12 188820 186386
12 213165 204640
12 187070 186229
12 188485 187494
12 186237 186726
12 186343 186249
12 187386 187505
12 186328 189739
12 189951 189814
12 189451 188899
12 188868 187449
12 190022 186476
12 188829 188779
12 186496 188691
12 189411 190293
12 188633 188786
12 188664 188830
12 188825 188896
12 187550 186461
12 186875 189090
12 187462 189322
12 188780 188669
12 186483 198373
12 213165 186669
12 186354 189450
12 198373 187908
12 188668 188460
12 213380 149526
12 186310 140888
12 189088 197645
12 188671 187004
12 189681 188825
12 186222 186353
12 199035 186214
12 186240 187489
12 187402 189410
12 188845 186414
12 190275 186304
12 186312 188675
12 188716 188885
12 187470 188720
12 188757 187704
12 187609 187264
12 186337 186544
12 187415 189444
12 187487 188543
12 187560 187575
12 209418 188847
12 188837 189761
12 186375 186944
12 186963 186963
12 188786 186502
12 186526 186236
12 188614 188628
12 188923 188657
12 209843 197438
12 189446 186535
12 186953 190123
12 186346 197104
12 190055 198373
12 190200 186457
12 186552 188751
12 187567 188665
12 190117 190135
12 198952 135202
12 186258 186301
12 190052 189686
12 188851 190210
12 189725 143555
12 188799 186301
12 188836 188724
12 188629 188395
12 188722 188807
12 211397 189335
12 190121 190130
12 186347 186366
12 188673 186973
12 187405 188484
12 190116 190260
12 187593 188602
12 187474 188662
12 188417 188498
12 198373 141922
12 186746 197693
12 186348 213165
12 188614 187682
12 188765 187559
12 151022 140269
12 190390 189787
12 186994 186503
12 209842 145737
12 188609 186210
12 188137 188137
12 186526 186537
12 186376 188628
12 186208 186383
12 187544 190000
12 189732 186312
12 186875 188307
12 186526 187523
12 188695 187559
12 188817 188829
12 186222 188917
12 187506 187341
12 188626 188691
12 188660 188851
12 188733 189939
12 199035 188023
12 198231 189436
12 188821 189088
12 189405 188736
12 189123 189374
12 186222 186211
12 186365 186518
12 187507 186378
12 188705 188489
12 186651 186347
12 202169 188763
12 186440 186383
12 188845 188882
12 188780 188625
12 188474 188878
12 186439 186462
12 198373 189972
12 188867 187547
12 213165 139859
12 197500 188413
12 188062 188118
12 186231 186214
12 187534 198373
12 186466 186224
12 188757 189720
12 186245 186343
12 188621 188638
12 213165 195279
12 188779 186875
12 187291 189335
12 188676 188676
12 190129 186368
12 189374 188674
12 189409 187576
12 189436 213380
12 213165 186416
12 186373 188847
12 188859 188675
12 214889 186686
12 187539 186330
12 189449 186469
12 186227 187318
12 186497 186456
12 188762 187565
12 189798 187319
12 189120 188482
12 186937 186278
12 189432 186726
12 188684 187523
12 187530 188571
12 187477 187565
12 188942 187441
12 209843 187518
12 198231 188672
12 187553 210014
12 186243 188888
12 187556 189433
12 187364 188886
12 188706 188839
12 186214 189761
12 189723 186540
12 187352 187422
12 188682 186947
12 140020 186499
12 189428 187315
12 190031 186338
12 186544 186314
12 187431 187518
12 186875 190623
12 188737 187498
12 189409 188665
12 187577 188454
12 189321 186408
12 188914 186973
12 188640 188561
12 187552 190180
12 186968 186430
12 188821 186317
12 187321 187549
12 187555 187431
12 189808 189676
12 186418 186418
12 199035 189326
12 141476 190702
12 186972 189412
12 188729 187558
12 190280 189116
12 189357 188852
12 186243 188638
12 213165 204462
12 188611 187497
12 188832 188815
12 189951 186264
12 189324 187299
12 188675 186443
12 188699 187011
12 188676 190271
12 198373 188863
12 189125 189085
12 151522 56603
12 188824 188538
12 188812 187325
12 188843 189085
12 188634 189357
12 190499 187531
12 189408 190159
12 188902 188896
12 188881 187518
12 213380 213380
12 186937 186369
12 188888 188865
12 188628 212410
12 189685 186222
12 186354 188698
12 186367 209842
12 188721 189428
12 189429 188722
12 187335 186963
12 189117 188660
12 186946 189354
12 189445 188853
12 188833 188724
12 187434 187482
12 189760 186457
12 188432 188492
12 189441 186354
12 187505 187481
12 198366 140695
12 187494 186344
12 188370 190179
12 187543 188845
12 186366 189913
12 189679 187553
12 188462 187547
12 190053 198373
12 187503 189408
12 198366 135307
12 188460 187299
12 186395 189431
12 188745 186335
12 188833 189324
12 189033 187217
12 186941 186425
12 140808 186673
12 189345 188733
12 188584 188842
12 186340 187575
12 189744 187523
12 187584 188760
12 186648 186341
12 190380 187491
12 187339 187293
12 186723 187066
12 187582 186217
12 199035 188638
12 188662 188855
12 189848 186408
12 188669 189411
12 187414 188841
12 187487 186259
12 140422 141376
12 188547 189226
12 186310 197995
12 188786 186770
12 197482 197482
12 186430 190156
12 186304 188688
12 187520 188438
12 190453 190016
12 188631 188883
12 186473 188698
12 189652 208692
12 190174 190174
12 189409 207604
12 186410 186271
12 187464 190565
12 189990 187539
12 188635 188809
12 188695 187381
12 188720 188644
12 188888 188565
12 186438 188669
12 198366 188422
12 187468 188470
12 187544 186326
12 187634 187283
12 188825 188679
12 187386 190140
12 210574 187512
12 186354 188690
12 187417 188731
12 186231 189411
12 186445 188757
12 190497 189750
12 140708 186948
12 189788 190112
13 210574 188926
13 188860 188911
13 187469 187614
13 189893 190133
13 186494 186346
13 189109 188556
13 188888 188820
13 186229 186487
13 189441 186202
13 188486 188900
13 188644 188442
13 186499 140926
13 186243 189763
13 189327 189140
13 188676 186327
13 188799 188821
13 188828 189088
13 211084 144418
13 186310 186390
13 188869 188708
13 188474 187582
13 188748 188697
13 189201 187288
13 188708 187355
13 188780 198373
13 188730 189329
13 189419 188735
13 188577 188528
13 187911 198951
13 188638 188638
13 187277 186554
13 190172 189788
13 186309 188493
13 188718 190141
13 186435 187039
13 188661 189743
13 187431 187496
13 210014 223801
13 189445 187520
13 188891 188886
13 190655 187548
13 187495 187333
13 190444 188971
13 189446 187005
13 186376 188896
13 190175 188674
13 188886 188839
13 186444 186235
13 189447 188872
13 186993 187126
13 189894 187488
13 188720 190016
13 188728 188491
13 140036 140648
13 186291 187132
13 209418 188242
13 189117 188817
13 186395 186412
13 187410 188899
13 188434 189679
13 188659 189373
13 188879 186873
13 188664 135120
13 186249 188660
13 186328 198951
13 186222 187519
13 198231 189985
13 188944 189357
13 188859 186979
13 186946 186371
13 187078 190739
13 188679 186392
13 190361 186260
13 187489 188651
13 188395 187301
13 188639 189336
13 187557 189410
13 186399 186424
13 186415 186543
13 198373 198637
13 189670 186304
13 186394 198373
13 186892 190271
13 187575 187518
13 187202 186496
13 187277 189172
13 189342 188706
13 186503 187462
13 189979 186479
13 188729 190227
13 189843 187388
13 186368 189114
13 188676 186317
13 186429 189721
13 186284 189965
13 188883 189457
13 186646 186965
13 186210 188837
13 186393 187590
13 188816 187586
13 186204 189648
13 187302 188409
13 189967 187504
13 189328 188895
13 189137 188539
13 188577 213380
13 210014 140994
13 188881 188840
13 189099 188880
13 189986 213380
13 188759 188757
13 187481 188646
13 189418 188890
13 188818 188878
13 188690 188788
13 188417 188365
13 186485 187460
13 188730 186971
13 188405 188228
13 187507 188469
13 187460 186258
13 188809 188881
13 190496 189432
13 189432 188673
13 186568 187051
13 186471 186396
13 190576 190140
13 213380 213165
13 186286 188958
13 189177 187806
13 186212 189763
13 186348 188739
13 188944 188809
13 189358 188393
13 187442 188366
13 186496 186971
13 190002 186323
13 198373 187136
13 186228 187509
13 188426 187288
13 188497 188825
13 188877 189231
13 189418 210014
13 187548 186309
13 186541 199036
13 186318 186252
13 187555 199035
13 188498 187562
13 189101 188871
13 189186 209843
13 187658 188709
13 190156 186266
13 188720 189410
13 189441 187570
13 189132 187025
13 188474 187355
13 188640 188584
13 188748 188841
13 211397 186375
13 198373 186351
13 186343 186387
13 190587 187513
13 188228 187612
13 189910 190001
13 189732 141076
13 186558 140903
13 190017 189882
13 186599 186677
13 187059 186366
13 188878 190091
13 188888 188718
13 188714 186500
13 188843 188313
13 188827 186333
13 186995 140452
13 188894 186214
13 188678 189432
13 186206 187325
13 140014 190347
13 186727 190061
13 188786 189336
13 187584 188938
13 189723 186468
13 188417 188557
13 187558 190175
13 186198 186750
13 188457 188382
13 187489 190305
13 187556 187568
13 190015 186600
13 187555 189436
13 186317 187546
13 186219 188705
13 187361 190135
13 187544 186933
13 189443 189319
13 186963 189759
13 187305 188508
13 187383 190596
13 189735 189417
13 186393 189686
13 188726 186944
13 186645 186232
13 190404 189408
13 199035 187556
13 189838 186652
13 187576 190365
13 214899 186382
13 188918 188468
13 188945 189326
13 186468 189713
13 187388 189794
13 187539 190445
13 188730 186361
13 188922 189347
13 189410 186386
13 187495 187570
13 188817 188805
13 188913 188448
13 198366 188733
13 188723 187079
13 198373 145225
13 140174 139956
13 186271 186226
13 189428 188968
13 189226 189112
13 186366 186502
13 188943 188853
13 187433 187618
13 187568 186648
13 188844 186857
13 189320 189446
13 188823 187565
13 186373 190121
13 188488 188488
13 187518 188673
13 186488 186963
13 186727 188923
13 186207 140618
13 189373 188474
13 186352 188687
13 187503 189760
13 187508 187398
13 190201 190125
13 187508 189433
13 187422 186432
13 189652 140429
13 188723 186298
13 188827 187325
13 188823 187580
13 189417 188663
13 187487 188609
13 188913 186437
13 188722 186350
13 139884 186259
13 190444 186326
13 186434 190140
13 194729 189328
13 187043 186470
13 186372 189447
13 187501 190133
13 188711 188770
13 187280 187548
13 188680 188625
13 190244 190275
13 188711 189328
13 187508 189765
13 190123 188766
13 188694 187571
13 187326 187279
13 188634 188786
13 188474 188664
13 189329 188489
13 186484 187325
13 189765 186553
13 188888 188377
13 190301 198951
13 188855 188625
13 186873 188426
13 186206 190138
13 186231 189681
13 56727 187583
13 190050 190059
13 186962 186453
13 188902 187308
13 187318 187503
13 188424 187331
13 186378 186931
13 186251 190542
13 189734 187575
13 187534 188628
13 214854 214854
13 148173 148173
13 188687 188614
13 188664 188630
13 188228 189126
13 188783 188870
13 187418 188705
13 186468 190179
13 189328 189335
13 188719 189126
13 188401 187299
13 190367 190043
13 187300 187444
13 188437 132878
14 188719 189417
14 187449 189771
14 188889 189368
14 187516 190242
14 187615 187433
14 189095 188836
14 139997 186412
14 188701 188802
14 213380 134208
14 186210 199036
14 186348 190174
14 186514 188947
14 186494 186239
14 188313 189545
14 186395 213165
14 198373 188905
14 190052 187511
14 186218 186211
14 189450 188666
14 189232 189023
14 188557 188536
14 187536 190658
14 189017 189235
14 186364 186346
14 140621 142557
14 188755 186361
14 190201 189734
14 186941 189340
14 188584 188475
14 188719 188640
14 187546 198361
14 186258 190596
14 188488 188366
14 187508 188428
14 198366 142540
14 198373 206343
14 187566 186310
14 186368 187510
14 188580 188521
14 187382 187474
14 188943 188452
14 197565 186994
14 189126 187471
14 186941 190652
14 189429 186388
14 190391 140705
14 188746 188199
14 199035 186375
14 188432 188837
14 189908 190386
14 198373 187377
14 187546 186310
14 188699 198951
14 186284 190172
14 187511 198951
14 188925 187534
14 188914 187494
14 190013 186480
14 189724 189981
14 189940 187511
14 188673 186696
14 188660 188856
14 186335 189127
14 186235 187580
14 188430 188427
14 188716 188878
14 186258 186544
14 188474 189433
14 189450 189410
14 186208 187506
14 188819 188843
14 186317 188452
14 188798 188315
14 190133 186194
14 187398 186484
14 188472 189737
14 188934 189443
14 190205 189749
14 188760 187008
14 186310 190170
14 186555 190105
14 186203 188735
14 187318 186500
14 188417 188381
14 188716 188630
14 208579 189418
14 188367 189679
14 186223 187538
14 186305 188653
14 190164 187519
14 186556 186983
14 188616 188627
14 214899 188417
14 187511 188663
14 187422 186360
14 186210 189444
14 189101 189109
14 189438 189142
14 186222 186310
14 190474 140021
14 188680 186363
14 139997 144342
14 187473 189341
14 186245 186306
14 188891 189123
14 188728 187427
14 187523 187477
14 189154 189244
14 198231 187585
14 190136 186211
14 186348 186990
14 187577 186231
14 188433 189737
14 187491 190505
14 188979 188915
14 188719 190377
14 188824 188433
14 186212 190505
14 209843 188660
14 189744 186415
14 186429 141159
14 186222 187587
14 188867 209843
14 186436 189822
14 187045 189452
14 190648 186887
14 189409 187536
14 213176 187309
14 188664 187556
14 186395 188698
14 188675 189344
14 186356 186330
14 187308 188618
14 189133 188433
14 186198 140428
14 186349 186939
14 186873 188423
14 189408 187553
14 188463 188437
14 186231 187487
14 188742 186374
14 187612 188414
14 187628 187918
14 197968 197743
14 187418 190266
14 186939 186384
14 141816 186210
14 188620 187507
14 188405 188489
14 189135 188831
14 189681 190134
14 187484 186557
14 187516 188666
14 209842 246800
14 189429 186328
14 190000 188659
14 188501 188863
14 189864 186209
14 187471 188676
14 186233 186944
14 186251 188670
14 213165 147265
14 189406 188664
14 188831 186767
14 187658 186670
14 186366 188484
14 188755 186361
14 188668 186212
14 189088 188555
14 186946 186303
14 186536 186239
14 188820 189079
14 198366 190350
14 187300 188394
14 188711 188417
14 188877 188877
14 186573 186229
14 187556 186310
14 186401 187527
14 186398 186499
14 187343 186343
14 188725 186946
14 188133 188552
14 189123 189071
14 187474 188659
14 190311 190314
14 188855 189131
14 188812 187468
14 186651 186293
14 187554 186310
14 188389 190594
14 186222 190199
14 198373 186397
14 189685 189782
14 189406 187538
14 187510 188857
14 140240 139831
14 187300 188464
14 188330 189212
14 188900 188667
14 188639 188883
14 187505 186338
14 189758 186240
14 189667 190542
14 198373 186599
14 186395 186543
14 187400 189324
14 186398 188469
14 140377 140004
14 188827 187299
14 187467 187286
14 186866 186485
14 190450 186460
14 189899 190203
14 186309 186507
14 188858 186527
14 188883 188735
14 186944 187516
14 186489 186498
14 187566 190695
14 188607 187488
14 188776 186347
14 186652 186712
14 140011 198373
14 186376 189428
14 198373 188733
14 188447 188421
14 190050 186617
14 186326 186938
14 199035 189221
14 213380 189332
14 186211 190194
14 188719 188816
14 186471 186307
14 188440 188538
14 188627 188706
14 188809 189731
14 186291 189743
14 213165 208924
14 199035 188700
14 187495 186205
14 188767 187547
14 187517 186395
14 187465 188493
14 189772 186306
14 188613 188613
14 188638 188450
14 186439 187516
14 187474 189419
14 210013 189369
14 188584 188432
14 187518 189339
14 186387 190187
14 186557 186431
14 188844 189369
14 186226 186362
14 187292 188662
14 188711 186876
14 210014 186319
14 186745 186807
14 188898 190569
14 189183 189079
14 189687 186960
14 188489 188455
14 188460 189375
14 197908 197768
14 187405 188638
14 186411 186895
14 186219 186423
14 190445 188867
14 186952 189097
14 186376 188678
14 186206 188934
14 187398 188878
14 187393 187021
14 186522 189455
14 188913 186997
14 213165 139908
14 188812 189081
14 186220 186476
14 187512 189450
14 189432 186293
14 188885 189441
14 186555 188705
14 186262 186466
14 187577 189731
14 189410 188701
14 188945 188618
14 186999 189410
14 188705 188807
14 188700 188913
14 189655 186846
14 187403 189099
14 187560 186353
14 186231 188824
14 188723 190594
14 188664 186310
14 187571 187486
14 188718 189424
14 188743 187518
14 189864 186211
14 189757 186233
14 190080 186944
14 140023 190078
14 188489 187538
14 210014 141178
14 188780 187553
14 211397 140133
14 187566 189324
14 186328 188735
14 186214 186262
14 188792 189127
14 189226 186344
14 186949 212410
14 187512 189660
14 188736 188852
14 190421 190023
14 186364 186288
14 187526 186309
14 190446 186460
14 186515 186404
14 186235 188950
14 188950 188821
14 188660 186884
14 188761 186672
14 188883 188742
14 188464 187471
14 198373 198366
14 188650 190163
14 188693 188774
14 189123 186499
14 186668 187484
14 188629 188698
14 186222 186347
14 188946 198373
14 189433 188718
14 186770 186582
14 140133 190473
14 187623 188547
14 188800 187560
14 186253 186431
14 186366 188744
14 187009 188941
14 186378 186202
14 188747 186562
14 187448 188844
15 186361 213322
15 187521 189433
15 188672 186802
15 186436 186269
15 188428 188669
15 186444 186369
15 188827 187583
15 188662 188767
15 187291 187422
15 188890 188854
15 186418 188663
15 198373 188820
15 190020 190042
15 188390 189295
15 187554 214899
15 213380 188648
15 186268 187486
15 188729 186962
15 190175 190134
15 188835 188809
15 187504 189412
15 187574 189864
15 188848 188750
15 187546 188097
15 188758 186210
15 188747 188840
15 188873 188848
15 190445 186936
15 190140 189851
15 188851 186395
15 190043 189967
15 190652 188464
15 186750 186439
15 188782 188619
15 190135 188608
15 198373 190271
15 187543 187309
15 188663 187491
15 188701 186397
15 187531 189336
15 190123 186231
15 198366 141691
15 188776 187403
15 188771 188793
15 190390 190547
15 198373 186225
15 188818 187552
15 190216 190267
15 187634 187307
15 190025 190052
15 190180 186278
15 186561 189431
15 186469 186653
15 187322 190501
15 188674 186535
15 186309 188859
15 188791 188660
15 187447 187599
15 189450 186245
15 186310 186384
15 198373 189408
15 186218 190180
15 189079 186309
15 188913 187579
15 190158 188620
15 186353 189444
15 186356 189141
15 188757 188917
15 190043 189330
15 186445 188748
15 188760 187518
15 188487 189727
15 189118 188628
15 187582 188858
15 186424 188666
15 187434 188650
15 189109 188167
15 188815 187567
15 209843 188896
15 188612 186362
15 186423 188678
15 186503 186354
15 186292 187556
15 186245 188666
15 186228 187551
15 186261 190157
15 187535 186391
15 186377 190199
15 186245 190174
15 190230 190042
15 187526 186310
15 186395 186312
15 187554 186756
15 187405 188897
15 187562 196073
15 188620 187529
15 190118 188623
15 189324 189187
15 190448 141675
15 186574 188818
15 187354 198373
15 188642 189659
15 186495 188890
15 188767 188676
15 188735 186341
15 186353 186309
15 186522 188902
15 188644 212272
15 189734 189428
15 189408 187544
15 187505 187560
15 190335 186989
15 186395 188920
15 186382 188846
15 211084 187535
15 187487 186941
15 189408 49617
15 186310 188469
15 187487 186875
15 198373 187304
15 190552 186213
15 186337 186229
15 189339 188688
15 190438 188925
15 189446 186535
15 186304 187569
15 186509 186293
15 186233 186203
15 187518 134468
15 189080 188476
15 189930 186196
15 188830 186370
15 186261 190242
15 211084 189143
15 186515 186267
15 198373 186205
15 188510 189126
15 198373 187416
15 189441 189443
15 188745 188806
15 188695 187480
15 188617 188617
15 188914 186518
15 189733 186385
15 186309 188735
15 189737 186236
15 186252 186312
15 186222 186493
15 188699 188636
15 186367 187460
15 187500 135120
15 187354 190310
15 186312 186400
15 190234 198373
15 186548 187491
15 188805 188683
15 189121 189117
15 188464 187422
15 186228 189721
15 189426 188728
15 186426 188687
15 213380 183258
15 186369 186726
15 187462 187508
15 190347 186211
15 210574 186500
15 186349 186535
15 186229 186310
15 188714 189441
15 187319 140125
15 186401 186453
15 189083 188866
15 189996 187695
15 186363 189435
15 190064 189325
15 189957 190060
15 187476 187398
15 188921 188446
15 188844 188584
15 187661 188460
15 187383 186337
15 188424 188493
15 190170 189409
15 188676 190131
15 190123 190232
15 188799 188883
15 211397 140955
15 140943 141837
15 186214 189731
15 188913 188836
15 186954 186397
15 189124 187581
15 187318 186208
15 187528 187481
15 187433 188679
15 186254 187091
15 188823 187577
15 188863 186228
15 189984 187539
15 140164 186342
15 186229 186317
15 187449 188656
15 186356 186212
15 188716 188623
15 198465 197939
15 187422 187556
15 188667 187582
15 186392 186354
15 188812 188724
15 190047 186212
15 188943 188868
15 187540 186652
15 186525 187441
15 190044 186288
15 188828 188463
15 189412 186304
15 189346 188658
15 139872 139821
15 186387 186315
15 187515 186310
15 187554 189804
15 188819 188613
15 188772 188795
15 187568 188825
15 186404 186410
15 189435 189326
15 188759 186992
15 187333 187542
15 186671 186367
15 188760 186511
15 189736 187318
15 189420 188664
15 188760 190514
15 188625 189126
15 187324 187441
15 189099 188389
15 186226 190123
15 187488 188681
15 190043 186398
15 186208 186208
15 188672 188941
15 186309 189442
15 188888 189332
15 186327 189894
15 189450 189088
15 189344 188633
15 188719 188825
15 190106 187434
15 189405 189804
15 188894 188840
15 189433 187457
15 197705 197863
15 187522 196076
15 186216 190135
15 190018 190299
15 198373 186454
15 189725 186389
15 188773 187004
15 188479 187510
15 187465 189744
15 188727 186311
15 188720 188809
15 189157 188634
15 186208 187566
15 188629 189337
15 188167 188368
15 189908 190317
15 188894 189141
15 205848 205784
15 189428 187074
15 188730 186309
15 190275 189682
15 189099 188450
15 198366 188902
15 189841 190120
15 188474 188476
15 186670 190158
15 188367 188589
15 188758 190051
15 188781 187498
15 186226 187523
15 188688 188843
15 189967 189990
15 188807 189411
15 187278 189980
15 187388 186941
15 186344 148444
15 186875 186309
15 186268 186519
15 189099 188712
15 186310 186333
15 186218 190306
15 188805 187555
15 188889 189336
15 188820 188790
15 189438 188698
15 188633 189421
15 187464 188459
15 190275 186361
15 186214 187481
15 141476 189410
15 189159 186333
15 187009 189657
15 188499 188431
15 188718 188774
15 187446 188802
15 186231 188403
15 187610 187591
15 187583 189413
15 187319 186539
15 189336 188820
15 186505 190128
15 189986 187402
15 188735 190741
15 187546 189410
15 187388 190310
15 186672 186664
15 186982 188677
15 186442 188660
15 188713 188612
15 189648 187333
15 189179 189166
15 186990 186515
15 186203 186770
15 186230 213322
15 188405 188436
15 187529 186260
15 188700 189657
15 189701 187576
15 187557 186250
15 188713 188766
15 140285 150533
16 188692 188477
16 186495 186304
16 187301 188368
16 188740 188659
16 190475 186652
16 189441 186661
16 188754 188817
16 213176 188555
16 186383 186317
16 188859 188788
16 186240 188701
16 186472 186527
16 189230 189267
16 188720 186210
16 189090 140892
16 186207 186666
16 188773 186305
16 188796 186343
16 188727 187036
16 190119 186672
16 194645 194631
16 189358 188912
16 186226 186956
16 190515 188649
16 186600 186398
16 187477 187356
16 187511 189681
16 190453 186938
16 188672 186247
16 186236 189430
16 186449 188740
16 186210 186275
16 188708 188788
16 186230 190135
16 187620 188658
16 186232 189684
16 187551 188876
16 188730 189338
16 186364 188716
16 188845 188720
16 186484 186740
16 186439 186194
16 186393 186962
16 198366 187507
16 186483 186445
16 187559 190200
16 189355 187630
16 190385 187503
16 186679 141930
16 210951 150373
16 188915 188475
16 187471 187332
16 188871 188717
16 188886 186823
16 187550 190016
16 186309 189761
16 186439 186207
16 186444 186535
16 188892 188660
16 190453 186745
16 187054 188699
16 186311 190052
16 189441 187030
16 190547 188687
16 186309 189441
16 187495 188384
16 186346 190695
16 188727 187558
16 188882 188858
16 189095 188865
16 188663 187474
16 188770 189119
16 187552 186225
16 186952 186668
16 186540 190109
16 213165 189413
16 188868 187470
16 188699 188834
16 188696 186367
16 189838 186842
16 188754 189324
16 186466 186331
16 186398 188704
16 186419 189418
16 188468 188638
16 187045 189435
16 188674 186539
16 188665 208581
16 187561 189406
16 188755 188692
16 213165 197747
16 189439 189457
16 188704 186547
16 188436 187487
16 188855 186393
16 188854 188635
16 188642 187438
16 186558 186455
16 187565 190287
16 188711 188618
16 188666 188854
16 187318 190311
16 188798 188473
16 187506 187550
16 188477 187470
16 186538 188900
16 189689 186578
16 188612 186971
16 187457 187402
16 186391 189958
16 188455 188856
16 187398 187398
16 187505 197805
16 198373 186993
16 186426 186962
16 189406 187546
16 188660 187357
16 188676 190326
16 186537 187522
16 186399 189744
16 187470 188665
16 188668 188679
16 189157 188917
16 187379 187379
16 198403 198553
16 188460 188858
16 186353 189092
16 186233 139905
16 189759 189126
16 189375 189385
16 189017 188894
16 188533 187283
16 187634 187305
16 186555 188711
16 190056 188918
16 188490 188941
16 187581 187503
16 188856 186348
16 189745 188607
16 187435 187323
16 188644 197640
16 187491 186291
16 188408 188433
16 186982 188370
16 189685 186362
16 186438 189822
16 186439 188720
16 188885 189124
16 190015 186336
16 186796 186969
16 188669 186486
16 186939 209650
16 189435 187021
16 188767 186317
16 187551 209650
16 188746 186341
16 186288 186398
16 186397 189441
16 189405 187535
16 186412 187139
16 189335 189648
16 187308 188836
16 208668 209843
16 189414 186221
16 186953 187485
16 187467 188679
16 190107 139902
16 186211 186214
16 186270 186434
16 188888 187505
16 188895 188714
16 188609 188762
16 187349 190010
16 187481 188461
16 188704 188612
16 188668 188762
16 186681 141030
16 198373 187586
16 186431 188619
16 186312 189335
16 210951 187424
16 198373 187507
16 198373 188642
16 199035 187512
16 188730 189436
16 188886 188634
16 186460 186945
16 186383 188943
16 189435 186334
16 187337 187354
16 188781 186876
16 189836 190158
16 186285 186222
16 187402 189067
16 199035 197628
16 188944 188488
16 187506 189433
16 198373 195853
16 190123 188651
16 187318 187495
16 188838 188858
16 188945 189344
16 187389 186439
16 187549 187435
16 187544 186334
16 187540 189830
16 189181 187550
