5000 8 0.050000
0 70072 43844
0 35080 70183
0 48326 92399
0 23186 69041
0 84579 129585
0 129735 11933
0 84400 10570
0 45240 79439
0 109662 112578
0 9757 154506
0 9782 39181
0 53666 91022
0 39658 49716
0 32303 114447
0 144718 135052
0 132218 155690
0 42726 17657
0 152506 76480
0 44041 12715
0 43584 4993
0 12130 8996
0 25942 100455
0 101157 97281
0 158612 115681
0 86606 24988
0 61797 121704
0 64342 108366
0 177649 117591
0 114348 35069
0 52942 7075
0 171551 27698
0 12713 12788
0 93158 115182
0 57583 25751
0 67873 74312
0 159347 175795
0 133817 84560
0 80778 15914
0 156623 172199
0 113354 157715
0 161048 165732
0 70745 74787
0 141899 98702
0 134211 79609
0 122486 121206
0 12160 97738
0 127142 20129
0 3509 27698
0 157738 158904
0 8786 97281
0 177029 36457
0 50725 132556
0 29723 2683
0 23415 124780
0 127583 101240
0 33217 5316
0 11913 73073
0 54594 9585
0 156349 97056
0 70659 48944
0 94006 18320
0 52092 27698
0 117034 27698
0 52569 80730
0 147961 186827
0 154566 74556
0 101574 116291
0 72487 46241
0 107403 64555
0 55048 34975
0 82901 54632
0 51687 25751
0 17670 115716
0 107014 117545
0 119094 113653
0 107533 32316
0 6853 19208
0 7218 5832
0 169361 112440
0 153730 124461
0 38610 28626
0 88795 106581
0 138444 102878
0 25190 87503
0 57840 171094
0 5806 110089
0 1972 1517
0 107816 55779
0 47991 25392
0 100387 101241
0 40627 99976
0 1956 23323
0 1264 27698
0 41537 134201
0 152068 85305
0 29142 16579
0 5728 41397
0 29046 75894
0 139281 97334
0 51630 21250
0 3955 10939
0 80867 20129
0 81116 28539
0 105574 34662
0 78526 87687
0 98098 103271
0 54187 51242
0 166416 171932
0 96695 75671
0 86640 178537
0 171478 21638
0 49266 121704
0 23110 103884
0 151904 44688
0 150636 148543
0 35509 73446
0 91877 97281
0 120498 164102
0 123525 38632
0 113751 5139
0 61934 73795
0 68861 86004
0 9471 78093
0 88772 29291
0 67793 151739
0 54533 158385
0 153477 158202
0 5307 7133
0 91884 32316
0 123867 92988
0 123117 40207
0 31805 157639
0 116646 72361
0 271 8275
0 59893 138438
0 144789 49898
0 77087 27698
0 37486 103390
0 26400 94116
0 44595 36304
0 12739 41158
0 124709 121921
0 66547 7147
0 48134 28319
0 32556 4877
0 56040 67550
0 62874 35156
0 28384 37601
0 48532 9048
0 67268 73451
0 134085 83743
0 43435 83292
0 94116 82168
0 45352 82734
0 13797 103650
0 89827 36454
0 49682 176870
0 99334 144214
0 122043 32316
0 57031 36662
0 137845 146232
0 2734 41758
0 50782 15413
0 84231 88134
0 40478 101921
0 26816 25232
0 20211 49530
0 105161 105824
0 41923 32316
0 97891 10997
0 13670 15500
0 162509 90593
0 33477 59142
0 108128 63336
0 148549 128361
0 33423 34012
0 171598 73176
0 28154 51000
0 90163 55778
0 16299 5366
0 82671 40489
0 42571 90942
0 49916 74111
0 29271 55955
0 93877 90655
0 63138 23276
0 5144 9807
0 102701 27698
0 76949 127346
0 20513 26045
0 55833 95224
0 104056 100448
0 26917 27698
0 80956 13116
0 83231 102878
0 165474 128752
0 91877 120329
0 55009 33488
0 136441 137586
0 82662 15793
0 24972 25751
0 156624 152695
0 8053 100233
0 1802 52255
0 8053 11819
0 78771 50991
0 121219 105841
0 179471 36351
0 159252 166992
0 146537 35702
0 146626 37655
0 48898 43990
0 87203 177640
0 86674 77366
0 15916 47107
0 64817 34009
0 10219 9469
0 105280 42934
0 164486 98221
0 49538 43414
0 27108 43189
0 31175 12942
0 148152 112615
0 102121 136564
0 142957 18237
0 83678 70541
0 43661 84917
0 97348 95592
0 50441 32200
0 52611 88742
0 134462 35069
0 51078 88246
0 53186 20135
0 23444 107027
0 28389 831
0 91422 88246
0 49517 34486
0 30121 14496
0 39537 29244
0 101888 125252
0 128353 105255
0 73777 79692
0 133172 181720
0 67017 99631
0 39755 84719
0 111968 6409
0 52475 114878
0 134619 70535
0 71443 146232
0 111637 32316
0 74792 32316
0 4217 44966
0 112882 153749
0 25625 104928
0 107577 139455
0 60782 25402
0 153810 80391
0 7492 83743
0 51994 44914
0 111703 27492
0 41066 30174
0 32539 139896
0 68783 70392
0 38566 19593
0 133770 79586
0 48871 139701
0 107459 125405
0 90120 49264
0 73762 103271
0 38327 51376
0 178252 97281
0 34295 142814
0 75810 40882
0 71853 112242
0 37466 72164
0 100387 25165
0 97466 75909
0 97712 170556
0 101157 86454
0 60204 86725
0 133260 63699
0 128561 64439
0 87820 58762
0 60535 15500
0 58718 50922
0 168649 54231
0 151929 162807
0 93048 112429
0 49661 41242
0 20439 121058
0 85384 57207
0 38357 9471
0 53437 43233
0 28380 78264
0 31691 83743
0 11905 94862
0 66249 53746
0 69806 20135
0 161635 13986
0 64470 28742
0 109853 69494
0 43178 54995
0 31438 127279
0 146682 64939
0 98170 84870
0 18229 27698
0 78076 108833
0 36585 2744
0 164172 52471
0 100387 178732
0 35078 48326
0 115832 107646
0 9056 6099
0 104307 12730
0 54816 27523
0 37475 25665
0 7445 32110
0 135722 162491
0 50242 72936
0 162664 25216
0 61024 20623
0 85271 2744
0 40907 70530
0 174230 34010
0 78858 26620
0 15600 20252
0 52195 28626
0 103459 135541
0 82925 108624
0 77073 32316
0 155372 111613
0 42543 178986
0 10573 32316
0 32781 7169
0 131392 82308
0 96740 36390
0 20640 88246
0 79093 66417
0 96756 46188
0 41588 36043
0 137343 58339
0 82714 116083
0 67947 60069
0 23352 23415
0 58203 9048
0 138766 28885
0 26425 27432
0 146537 162429
0 5543 38401
0 109658 109362
0 13120 13618
0 76611 110632
0 13038 32316
0 49067 85685
0 69887 37096
0 45688 27698
0 34613 28626
0 12218 24991
0 24673 9585
0 14925 9798
0 111581 85313
0 58165 139200
0 62606 34060
0 56615 37247
0 162509 147327
0 116779 88246
0 99746 55321
0 162868 25408
0 58453 68495
0 138898 158930
0 5020 2744
0 98086 44914
0 72381 9471
0 99250 136077
0 97614 135816
0 78160 109366
0 103459 106056
0 3314 13751
0 73977 59357
0 77111 91440
0 41746 11372
0 70919 97281
0 144334 66522
0 152692 141897
0 9635 147910
0 22791 5828
0 64941 38597
0 101917 123237
0 115843 123076
0 116778 99851
0 49266 6407
0 143436 147884
0 31408 11819
0 95914 87688
0 97615 97281
0 16798 12490
0 80019 39031
0 54112 64935
0 133172 146677
0 82721 77977
0 70426 15690
0 39939 61470
0 82132 32316
0 9763 92570
0 158441 40797
0 87119 73073
0 70183 101241
0 49067 85685
0 9805 77069
0 23823 2744
0 60483 170192
0 55099 17737
0 90307 99019
0 88320 8786
0 153561 133726
0 111637 163645
0 41644 38596
0 59445 32365
0 84243 182322
0 7252 43702
0 39331 79609
0 154401 50186
0 111991 106703
0 48938 57795
0 149279 40960
0 164273 27698
0 87602 45867
0 174563 2465
0 134629 9798
0 89471 89406
0 158547 127412
0 118036 9471
0 61494 86454
0 101628 118447
0 80407 22593
0 146800 24957
0 124833 55984
0 162664 115681
0 115164 101916
0 154221 5593
0 94029 46768
0 49529 44653
0 6617 88246
0 139154 97281
0 45361 64752
0 120440 70161
0 27448 58313
0 116365 139253
0 5568 89009
0 51347 107430
0 114323 99350
0 21293 26734
0 10263 11940
0 146800 29585
0 153113 142082
0 37991 32212
0 161351 21299
0 62868 65762
0 88511 75653
0 96855 59578
0 43638 64966
0 140516 121212
0 87257 37877
0 66878 64552
0 27812 38597
0 2253 12252
0 121734 10447
0 74065 38399
0 117276 37111
0 117861 24146
0 2707 144471
0 168191 27477
0 51149 9798
0 56045 52057
0 52092 55730
0 90012 50114
0 47285 39917
0 100387 107084
0 58947 70524
0 4195 91749
0 51526 118617
0 5124 138192
0 42031 78155
0 52471 27076
0 168649 32316
0 127530 41758
0 17622 27698
0 169539 92254
0 49685 24991
0 19955 185964
0 20084 4208
0 81558 115045
0 35093 35116
0 43638 32316
0 58779 152078
0 19663 103463
0 39740 93375
0 118345 74761
0 40203 58028
0 120459 33737
0 53167 46146
0 156461 92381
0 34703 180076
0 63184 5974
0 122984 43389
0 180822 27698
0 26896 93053
0 79549 15905
0 26045 149111
0 103798 13975
0 96669 110548
0 66716 112602
0 93644 82699
0 25165 67173
0 123891 142795
0 68472 32891
0 40656 44273
0 124068 32316
0 34147 102764
0 26974 149782
0 18102 6887
0 146800 68725
0 106216 106216
0 23507 159688
0 57871 20129
0 79914 13048
0 66047 12490
0 86202 106200
0 47293 36420
0 45688 10495
0 123867 116135
0 66673 118655
0 104920 35822
0 137343 187999
0 58720 157299
0 90681 374
0 47527 23696
0 123902 89830
0 83731 62640
0 162019 13915
0 78366 9081
0 76215 82809
0 45086 51347
0 120459 30036
0 135197 143520
0 114199 53345
0 44857 10112
0 160631 87419
0 67525 5366
0 157519 172391
0 151451 152558
0 48963 163817
0 62937 163287
0 80630 32316
0 74116 60396
0 108132 85104
0 92424 103205
0 11024 49327
0 170289 56523
0 42547 77139
0 66918 122098
0 74120 18102
0 52092 19204
0 113853 4696
0 83779 112205
0 50114 118868
0 117112 66650
0 130835 147147
0 58059 71491
0 30108 34030
0 69882 108648
0 127142 182473
0 36056 41860
0 99987 124188
0 89375 79904
0 156627 144471
0 158196 135963
0 150749 67283
0 55950 73768
0 12760 32316
0 164147 94979
0 176664 31494
0 42107 182102
0 47324 64297
0 75324 52475
0 18122 38794
0 40151 41758
0 32369 28118
0 72632 18072
0 111142 86454
0 104920 40339
0 81781 26045
0 108489 27698
0 140368 149530
0 94354 8076
0 47622 32316
0 124653 155921
0 51855 50577
0 102544 8429
0 92311 27698
0 21098 9471
0 78916 95689
0 10173 13618
0 109987 143057
0 155843 156591
0 34348 34975
0 57087 55081
0 56523 53286
0 99759 34459
1 60299 40882
1 20513 90025
1 79011 92399
1 71661 9471
1 117034 15905
1 101064 99277
1 106718 47544
1 39611 29912
1 72542 1375
1 37855 165157
1 130958 65195
1 130497 41758
1 100988 93375
1 92254 100960
1 74120 32316
1 160509 91749
1 93517 66400
1 35078 164165
1 68403 46902
1 82789 166144
1 29859 23497
1 90655 32316
1 84261 26067
1 136970 46600
1 58296 32316
1 111798 9471
1 67822 16732
1 52776 77184
1 176590 184959
1 50943 64121
1 81682 11842
1 77600 77575
1 58118 349
1 41528 42632
1 32019 41501
1 67251 87875
1 64616 2734
1 22279 123056
1 110434 27698
1 2121 105087
1 441 12252
1 88417 92347
1 107693 43256
1 118316 116973
1 96859 142893
1 71050 99127
1 154891 8112
1 68861 92399
1 96378 112457
1 150192 65109
1 105280 82925
1 39233 32023
1 65963 100242
1 106495 160550
1 104431 73097
1 118655 27698
1 106663 80784
1 52620 5124
1 27108 72487
1 158373 144718
1 60045 121704
1 48079 11871
1 158071 20462
1 69567 27698
1 22730 9724
1 77313 82187
1 55817 2041
1 86875 80078
1 115037 121921
1 123908 100854
1 29097 79929
1 35526 37611
1 180726 103503
1 44378 42107
1 42857 179209
1 121528 49688
1 33692 40207
1 32063 36304
1 78881 54449
1 142054 71163
1 71473 68298
1 180167 101576
1 106036 142812
1 74783 70485
1 74804 68426
1 14002 23859
1 69806 75671
1 88213 89787
1 86836 51526
1 103335 36289
1 97563 26995
1 66537 2744
1 114832 125854
1 111281 2583
1 110876 33691
1 169654 44090
1 140212 90776
1 94758 99678
1 25723 46139
1 142043 147289
1 88664 109662
1 24500 63147
1 114881 103333
1 51207 102764
1 20605 31478
1 103581 75909
1 56620 96695
1 77542 13915
1 26413 73714
1 34774 57707
1 2254 41501
1 32553 14485
1 50114 174841
1 20543 9805
1 150484 37533
1 121766 9471
1 7744 47042
1 64426 31296
1 116356 25165
1 40625 6030
1 137501 56676
1 44970 82579
1 72509 74122
1 32039 35508
1 149826 146800
1 104711 13751
1 119442 22675
1 85314 121052
1 27936 127517
1 36675 118476
1 600 26045
1 43717 32200
1 89219 20083
1 8811 79609
1 67947 4452
1 88274 32470
1 58280 29037
1 38746 164146
1 163505 103215
1 160855 165732
1 122746 92197
1 144625 89154
1 7744 69831
1 109565 89756
1 32556 35895
1 68177 68958
1 114284 133730
1 37008 47448
1 131939 122677
1 130878 86083
1 50186 32316
1 109773 9471
1 45869 48308
1 94244 34026
1 56791 179209
1 30566 36530
1 130497 123237
1 25942 19208
1 65787 32316
1 136963 179971
1 57403 111575
1 58225 93053
1 168610 163351
1 126076 20115
1 10312 13017
1 60595 21250
1 42903 42934
1 64512 185614
1 32762 187533
1 13153 7741
1 35690 165951
1 49266 83089
1 59915 58705
1 131695 98287
1 97712 83731
1 113853 14009
1 113853 69494
1 22124 25649
1 55500 50114
1 99993 140600
1 130939 116966
1 68864 32200
1 3427 118414
1 145525 46146
1 116021 2357
1 94244 9048
1 20934 47813
1 140212 32316
1 57320 50719
1 155685 111658
1 114164 13648
1 78700 73098
1 166450 49197
1 41391 134085
1 57810 41007
1 73052 125877
1 70136 12156
1 101885 36102
1 147835 89712
1 32485 110547
1 175541 107430
1 120471 136383
1 80011 78392
1 25521 137509
1 73457 107692
1 67791 124228
1 116366 50767
1 101244 15806
1 24499 20437
1 9459 4915
1 17375 21250
1 51531 8112
1 78881 71154
1 40269 87419
1 22590 15356
1 64012 99293
1 12134 41501
1 2459 2807
1 102287 57795
1 59474 67268
1 106665 43990
1 162790 88350
1 29452 179745
1 76291 96801
1 38102 4462
1 101830 165278
1 80433 49749
1 46593 30121
1 98146 88456
1 65423 71492
1 53720 27460
1 106551 2744
1 68472 16662
1 111345 88680
1 33880 54231
1 142022 164643
1 91421 167710
1 168905 37024
1 46757 18537
1 99017 101576
1 104303 34098
1 92907 153959
1 21604 47544
1 1229 90045
1 6572 5136
1 84402 62031
1 47122 28308
1 39053 144074
1 74723 97816
1 1297 1952
1 23415 26459
1 52667 135249
1 25552 97710
1 68465 90349
1 66284 26270
1 35156 42055
1 42631 32533
1 154891 20129
1 67244 30685
1 62093 175572
1 125149 37465
1 112097 97281
1 4582 2744
1 8053 47859
1 38358 12801
1 38624 64270
1 106493 104878
1 99300 62361
1 24357 15939
1 9471 37991
1 80784 82362
1 144718 121236
1 158284 57349
1 82464 71184
1 74792 50319
1 123257 89154
1 94692 128356
1 160933 93164
1 113456 27108
1 80088 94003
1 14985 88246
1 66423 45301
1 56248 82187
1 99608 92706
1 52046 158196
1 78858 79724
1 133258 112873
1 80730 117503
1 136453 8786
1 26463 45113
1 72107 15806
1 186200 101754
1 52519 156591
1 16658 17607
1 52047 80008
1 131012 52822
1 103441 16769
1 69535 92528
1 47785 27698
1 35101 52953
1 2215 27677
1 144577 128212
1 92973 73073
1 42100 123237
1 38437 2800
1 158071 32574
1 69962 46140
1 166666 63441
1 61549 58288
1 45282 6905
1 52046 27698
1 124649 92977
1 80650 116139
1 35833 83388
1 42961 156686
1 163342 114300
1 184088 137087
1 100253 69896
1 77258 158386
1 32038 135643
1 77206 66906
1 31457 166905
1 36801 109594
1 138954 127238
1 62951 56042
1 33136 26045
1 137512 167566
1 80502 181305
1 134324 31457
1 83284 84925
1 7170 106721
1 9471 65904
1 42174 158605
1 27699 46326
1 131392 54048
1 114877 149114
1 145622 97483
1 91371 92254
1 22709 49675
1 24612 6926
1 700 2668
1 32789 58773
1 113491 163630
1 80250 41141
1 36458 36289
1 143453 26045
1 21090 101241
1 119441 70800
1 49038 49338
1 58686 113717
1 1799 54545
1 124093 58493
1 54286 32316
1 26346 88664
1 13758 36289
1 150205 146802
1 162507 17715
1 82793 71479
1 50565 96801
1 103967 18072
1 81401 114878
1 30483 58027
1 85393 32316
1 29475 59152
1 22591 114447
1 117128 80590
1 133172 62361
1 77313 82187
1 50982 90876
1 154559 89521
1 60204 22055
1 49789 44041
1 40869 116967
1 53900 49944
1 25578 40339
1 129627 93906
1 46058 32316
1 110101 80391
1 55345 10486
1 37867 26635
1 73950 34026
1 91340 104893
1 51474 55454
1 50608 109712
1 110449 8422
1 69582 6409
1 117356 82120
1 53699 99895
1 132735 46368
1 18049 25379
1 65755 159688
1 40248 50114
1 44800 39952
1 154157 101391
1 54231 45113
1 56780 46494
1 162694 53345
1 53361 490
1 4451 2679
1 46786 37479
1 48194 44940
1 54597 5326
1 163447 119852
1 56496 20129
1 78839 20081
1 49266 55312
1 18361 93053
1 49266 51759
1 33643 53689
1 11286 15742
1 2904 178562
1 85104 9471
1 30912 137087
1 145209 42299
1 51558 45126
1 104600 107692
1 30315 16535
1 66145 66428
1 92358 45830
1 86396 101391
1 163680 134065
1 31688 179700
1 123319 47859
1 98411 159688
1 87516 26483
1 74444 31296
1 51644 100728
1 12688 9807
1 79863 121963
1 44353 123631
1 110047 41641
1 26342 742
1 158688 135162
1 175334 165678
1 99859 104852
1 42247 20302
1 45574 112312
1 13053 17619
1 3020 17326
1 52471 52471
1 62715 32316
1 74444 137974
1 53806 5158
1 24858 96143
1 85653 55312
1 101903 64451
1 52605 34903
1 83180 111966
1 135143 150782
1 93949 88246
1 47 24642
1 148544 142979
1 33556 2219
1 51408 137974
1 74271 54402
1 58635 98392
1 101965 85097
1 183214 124895
1 37998 15690
1 119690 101872
1 85104 9790
1 56877 157553
1 31295 119056
1 103581 26620
1 143306 92546
1 155090 161952
1 77290 158605
1 26898 22216
1 5793 15891
1 74067 90436
1 55452 41619
1 59926 25402
1 60179 38941
1 138318 123237
1 83729 7213
1 154725 99250
1 32769 156924
1 90031 120215
1 65190 144806
1 172199 72448
1 19554 13648
1 45577 32316
1 88533 32316
1 162429 56533
1 81291 61227
1 40832 9586
1 73299 40175
1 142677 33824
1 68130 24957
1 83876 161983
1 102877 11334
1 16677 79633
1 36266 21097
1 175944 128002
1 102760 6117
1 154958 28539
1 68329 77071
1 31482 58779
1 48183 116745
1 125901 92347
1 72665 32316
1 156627 105318
1 111495 38401
1 38214 90776
1 179581 33258
1 88361 42637
1 90733 114138
1 41793 50184
1 29958 41758
1 113353 67793
1 162501 130059
1 263 374
1 107838 112002
1 69788 105558
1 46903 99127
1 14986 27261
1 4225 5593
1 5020 167566
1 150299 101003
1 78398 36793
1 123259 135636
1 70426 51681
1 162736 84302
1 27345 21295
1 76744 34026
1 114888 100372
1 134733 116697
1 82234 38472
1 9471 38596
1 51347 77983
1 41098 117591
1 146094 84560
1 31003 97738
1 42556 19314
1 149720 121704
1 101502 32942
1 52046 121275
1 67961 42146
1 3993 18619
1 62292 131844
1 141459 126177
1 97401 58946
1 68853 72117
1 19172 20134
1 43980 53345
1 110610 68725
1 72369 34060
1 48820 56526
1 159349 27492
1 82789 41143
1 187147 27698
1 87534 136238
1 69486 51338
1 58126 64449
1 24473 148216
1 47767 158510
1 1967 2120
1 48867 90655
1 71308 118665
1 53156 12715
1 45726 9471
1 80345 127279
1 21629 18537
1 101188 74777
1 48757 102571
1 72966 30680
1 10969 43751
1 84481 34718
1 26459 121704
1 75503 41761
1 142067 27698
1 289 159688
1 103197 32316
1 67711 65218
1 30894 26073
1 36503 101241
1 133172 19370
1 113465 9393
1 112578 85084
1 1972 3021
1 49679 3136
1 132344 122620
1 58549 48264
1 31883 173265
1 61732 46594
1 35344 73827
1 57039 44648
1 24917 166251
1 27077 12151
1 64960 37247
1 113459 57579
1 61685 159010
1 72179 70541
1 73695 27422
1 9470 27698
1 44155 22700
1 29441 5828
1 5298 23436
1 72810 13915
1 113456 95529
1 40421 105558
1 600 8438
1 52046 58047
1 114853 27698
1 44901 17170
1 94935 154157
1 162849 95077
1 44351 163708
1 98387 105878
1 26459 34937
1 68831 86454
1 32349 31223
1 110127 100798
1 121085 109008
1 49751 109716
1 23235 9805
1 164962 159348
1 75409 97936
1 41794 136271
1 2744 85093
1 32316 32316
1 2164 25664
1 66025 32316
1 68472 33528
1 23444 170556
1 116646 42025
1 507 2465
1 101249 3973
1 63692 169664
1 132000 103650
1 67028 79704
1 113579 75894
1 43717 2800
1 63611 56431
1 1106 28195
1 30386 27698
1 96987 51184
1 56219 105280
1 14978 12252
1 61713 32316
1 77810 77073
1 64545 42934
1 37919 42004
1 77528 182102
1 73757 32316
1 124498 55987
1 28539 24601
1 149897 24915
1 89213 54588
1 42454 47544
1 21034 16315
1 55380 19335
1 63046 112932
2 82768 159688
2 83301 45860
2 163447 80310
2 81682 9471
2 81401 46140
2 68886 6884
2 57207 62714
2 8701 2904
2 27108 181827
2 168848 170289
2 154891 83134
2 67964 103425
2 32691 124503
2 75567 121711
2 59393 56790
2 98636 56533
2 67284 77048
2 94862 106155
2 105170 100960
2 88185 172364
2 45358 4993
2 94116 35229
2 53334 49481
2 47501 48273
2 160030 65195
2 103704 102012
2 170845 157808
2 122991 68813
2 85309 110874
2 61193 97654
2 33486 13751
2 37668 126062
2 134268 68813
2 66445 17583
2 158743 18619
2 141538 177776
2 137889 99741
2 125972 46146
2 24957 77894
2 73332 45701
2 66409 22651
2 69690 69695
2 20343 69494
2 16734 186827
2 34149 9585
2 119365 112197
2 42108 43116
2 68910 158510
2 43717 53211
2 61457 75042
2 39387 27698
2 41071 42004
2 100815 65801
2 111457 34685
2 1261 2219
2 121120 126968
2 64918 37207
2 2810 9798
2 64080 177406
2 140663 157615
2 155688 32316
2 80730 55082
2 92973 164001
2 6281 4886
2 61579 22158
2 66507 23851
2 132078 24957
2 75441 139272
2 32789 55987
2 26413 65508
2 71492 88417
2 122914 118617
2 62031 61752
2 5787 22064
2 162664 174810
2 32083 121711
2 101188 97281
2 91423 88246
2 59451 29037
2 13721 16433
2 143616 600
2 19193 2744
2 21159 19170
2 68191 27698
2 25807 108178
2 31295 118723
2 77487 2744
2 11843 32316
2 147748 64284
2 34445 50489
2 60746 51683
2 31687 158930
2 5424 159688
2 85291 2744
2 147004 121086
2 133172 99779
2 51982 53345
2 11156 19340
2 91749 77409
2 45082 361
2 27046 137974
2 38681 32706
2 112009 53346
2 111193 108174
2 58683 133538
2 183376 80595
2 103277 67276
2 143486 20129
2 65279 63432
2 109014 122507
2 59254 61340
2 83233 6090
2 107494 35872
2 66182 162997
2 60124 73768
2 76526 88246
2 23533 88246
2 94244 115045
2 128966 75387
2 101218 74556
2 123311 121704
2 40866 36293
2 115278 41007
2 907 159688
2 77830 131478
2 105365 9471
2 159131 68426
2 66196 32316
2 106925 154506
2 103056 27489
2 49028 46807
2 104995 112629
2 46572 104928
2 95503 97281
2 64449 137278
2 133811 13076
2 64954 97281
2 144484 110369
2 28880 158863
2 152188 32316
2 69041 1602
2 58720 13618
2 85912 82925
2 147320 105326
2 100493 28533
2 10172 5828
2 27433 23451
2 52607 42934
2 50597 62549
2 47402 70533
2 182804 68968
2 71595 50447
2 186165 23265
2 146625 146801
2 108291 50915
2 39982 34060
2 160507 9471
2 43002 5072
2 56099 36304
2 8043 20626
2 162509 95529
2 133252 94846
2 31665 109175
2 56258 83743
2 157017 123630
2 69850 124507
2 58282 56227
2 146800 117994
2 91418 127142
2 50211 46568
2 93517 83506
2 90035 78456
2 134721 113929
2 182020 110643
2 18663 1047
2 83506 141897
2 161679 93372
2 57343 36265
2 45338 27698
2 34634 10174
2 151070 10483
2 149486 27698
2 36787 33137
2 18631 22680
2 33804 99306
2 164173 109147
2 92339 56210
2 100143 71738
2 15767 8721
2 59925 84560
2 56814 37182
2 27041 93048
2 38598 40207
2 51538 137087
2 77621 40457
2 33154 21250
2 27991 109758
2 178580 8381
2 33694 32316
2 163637 120397
2 93517 99131
2 50306 43190
2 14868 33917
2 61428 75490
2 23465 35781
2 98100 22482
2 25763 13618
2 53522 56227
2 115616 186827
2 24828 54231
2 22682 92347
2 155487 119135
2 138334 130063
2 25829 71512
2 20060 51526
2 165141 82628
2 56523 14884
2 73779 62361
2 10221 42934
2 11057 13752
2 164932 179448
2 103968 107187
2 32914 122933
2 7749 178986
2 58327 43876
2 98420 89142
2 19663 20437
2 57349 27698
2 46524 128175
2 103326 47613
2 89575 71787
2 31654 150488
2 83461 103276
2 102600 188161
2 52178 93678
2 68812 28480
2 137008 98477
2 128968 103215
2 27348 99348
2 62866 49530
2 29960 25751
2 89780 4659
2 39815 53541
2 25210 27698
2 13889 2759
2 157743 13986
2 19370 46141
2 38255 27984
2 61141 186827
2 54135 26045
2 73702 72077
2 151803 83743
2 134722 6585
2 142893 4627
2 99153 76874
2 57209 34060
2 37481 49348
2 156591 27372
2 1529 22358
2 135915 130488
2 92535 13751
2 46399 90578
2 5904 96801
2 21660 869
2 181795 35237
2 154727 51526
2 139986 39365
2 73950 29926
2 42233 118617
2 71368 79586
2 25228 33968
2 125584 103967
2 35940 57387
2 91283 97884
2 56612 32373
2 93557 171974
2 72663 21579
2 92976 57598
2 120380 5365
2 126673 132140
2 25896 147265
2 119668 123844
2 2410 24642
2 61575 94837
2 101576 32316
2 122989 108291
2 103271 15012
2 156611 40175
2 134618 18190
2 109171 112517
2 50986 13915
2 51883 57190
2 32474 163817
2 101502 5758
2 46735 34079
2 51763 147884
2 79609 81258
2 153730 155688
2 38202 13811
2 53139 108029
2 54187 5136
2 89832 147213
2 22720 116956
2 93030 88242
2 64121 19033
2 64504 8753
2 43702 16376
2 162509 46146
2 178970 27698
2 154891 131520
2 14994 82330
2 84696 65279
2 103459 5344
2 141949 50255
2 106489 19502
2 18076 35689
2 133724 135186
2 26976 32316
2 155685 166992
2 14007 17719
2 38681 32316
2 20515 163461
2 27828 17728
2 75114 28626
2 51630 54430
2 99173 138323
2 142650 109821
2 35585 138709
2 54474 5344
2 45371 73097
2 15607 81270
2 141164 64279
2 39128 45473
2 42174 93375
2 2372 32316
2 149133 169664
2 164964 125149
2 174311 167566
2 6582 67897
2 36056 128739
2 44784 33145
2 184088 157352
2 43827 42861
2 77485 32316
2 25849 9048
2 66395 78698
2 36667 114300
2 171524 18595
2 162664 119812
2 73466 68631
2 142092 58778
2 47111 15820
2 65385 71554
2 152389 53345
2 33164 24473
2 24995 13986
2 106182 101139
2 110404 82127
2 162692 48727
2 30680 86454
2 17396 13887
2 93337 67619
2 118665 87115
2 67256 34975
2 62600 58563
2 75403 32316
2 28449 31781
2 2998 17619
2 103437 12714
2 3350 12920
2 94250 36304
2 24926 103815
2 113483 60124
2 39755 61190
2 104873 6333
2 30276 59077
2 77718 54085
2 88958 88958
2 18399 25547
2 50984 70808
2 96672 93907
2 97466 66425
2 163532 96949
2 115285 138828
2 60112 39391
2 83721 116967
2 55392 81104
2 41050 13618
2 111166 30371
2 45551 20129
2 68494 62189
2 52448 138335
2 108180 44474
2 159202 54231
2 93518 131044
2 135576 88246
2 143477 105785
2 44090 78556
2 17060 108996
2 4388 107258
2 35511 23433
2 28499 60133
2 87597 32316
2 53360 34706
2 72143 6666
2 73050 77983
2 30358 11024
2 107603 66906
2 95903 53286
2 3637 47312
2 144577 184217
2 81618 80000
2 64508 37605
2 21129 113464
2 64277 78661
2 117128 9585
2 75421 9443
2 146537 68725
2 5356 32316
2 85104 70787
2 144335 50923
2 57973 71184
2 58483 56347
2 47679 21363
2 37865 95394
2 18628 10537
2 24773 80730
2 7171 18537
2 142248 113310
2 7723 8786
2 8400 140001
2 118447 150594
2 30549 16307
2 73779 13618
2 19271 28853
2 133717 37533
2 111497 96881
2 68472 37971
2 133817 83743
2 99810 168436
2 40953 186138
2 150794 48553
2 146800 5354
2 45240 52533
2 108195 9471
2 130499 64269
2 57925 37096
2 47527 60238
2 5424 14061
2 12136 34563
2 81636 121204
2 52293 93375
2 22344 13951
2 132502 146232
2 109540 13618
2 53266 49204
2 64307 71477
2 9073 6100
2 22212 51924
2 8677 37535
2 106720 43876
2 71633 180076
2 55020 5344
2 115618 42579
2 18533 139728
2 21551 19071
2 168318 114300
2 103241 127438
2 34870 51526
2 33422 187999
2 117503 119812
2 44247 87603
2 100808 151629
2 20083 45296
2 63433 79704
2 39183 73097
2 164871 115045
2 48773 181917
2 127978 80347
2 101225 57433
2 82975 94363
2 5391 27891
2 131191 82120
2 64282 44365
2 46572 54206
2 142 34459
2 92349 113081
2 88650 74177
2 113000 32316
2 21151 40207
2 13050 87687
2 26413 26620
2 74120 79483
2 115271 99099
2 80023 97884
2 68472 81610
2 113579 24957
2 80645 40870
2 108936 38853
2 168093 90017
2 140599 32316
2 25648 32200
2 44350 186827
2 35503 55778
2 18507 164443
2 109666 153730
2 91646 114448
2 87105 138561
2 140548 179885
2 50194 82735
2 89707 113460
2 62073 5129
2 155688 59115
2 74233 121209
2 105897 32316
2 74116 53345
2 58500 62656
2 110463 99131
2 61370 78556
2 185805 14925
2 44468 8786
2 113882 167710
2 79507 116384
2 82127 36124
2 120774 133726
2 10149 19554
2 25022 32316
2 36119 165898
2 14022 38473
2 55081 17737
2 71596 92399
2 41664 27698
2 97645 22791
2 28732 150261
2 153861 121096
2 50437 144790
2 57182 55169
2 23496 50811
2 21443 16292
2 131307 128212
2 85683 96861
2 113435 98732
2 108362 182112
2 107693 99756
2 67040 87933
2 25699 42579
2 162027 36124
2 31956 62020
2 61932 3136
2 32819 17716
2 99068 127914
2 61700 32316
2 139745 120327
2 125972 137446
2 181159 9081
2 91442 99052
2 135103 26045
2 162509 146557
2 114989 73768
2 68322 28626
2 52678 7727
2 73299 97056
2 27297 65102
2 121882 27698
2 144718 100930
2 98707 69285
2 117539 3366
2 48534 46146
2 54060 66561
2 53850 19112
2 157692 162692
2 140324 117478
2 182636 151739
2 35092 82809
2 82548 49016
2 43785 73097
2 174233 39986
2 103967 102012
2 29509 19634
2 94272 101241
2 19959 24538
2 59654 8174
2 88213 4659
2 61461 59587
2 51683 44090
2 9471 97281
2 13613 69741
2 127325 117501
2 59140 41435
2 81600 32316
2 149210 71802
2 87600 92060
2 23537 39192
2 36711 18379
2 33695 9073
2 156627 100960
2 116449 63182
2 90643 58419
2 126760 66769
2 46396 115974
2 93580 6101
2 76708 105087
2 115246 113429
2 66580 180756
2 71571 187999
2 19522 12159
2 15384 16697
2 60345 31494
2 179972 57613
2 140670 140650
2 65279 111695
2 15383 54231
2 56121 71247
2 86834 45631
3 28421 26451
3 111038 129487
3 44520 42144
3 162664 118983
3 9710 18070
3 155264 37318
3 102529 99061
3 162590 161774
3 48642 25547
3 87927 41743
3 108129 94675
3 53282 97884
3 49561 24957
3 69284 856
3 120048 146232
3 36081 155593
3 60486 40611
3 79609 84385
3 142044 186827
3 41382 15024
3 53288 9798
3 75309 58797
3 136857 107340
3 86930 34830
3 36675 20515
3 106016 60697
3 91998 15514
3 9688 10452
3 34403 72164
3 20513 61897
3 13067 25751
3 166902 86002
3 107693 140413
3 80465 63521
3 74619 49948
3 8792 88437
3 77404 103440
3 116591 68906
3 17697 4625
3 46343 47544
3 72110 138734
3 4467 72261
3 90280 141523
3 89000 110316
3 92711 18320
3 73950 99570
3 139702 125854
3 144718 121921
3 142527 70541
3 88417 86836
3 45616 4907
3 78392 101020
3 23784 48736
3 23258 51469
3 54963 5593
3 16730 107646
3 32316 34459
3 136082 99127
3 529 83743
3 73243 9798
3 177539 59366
3 185614 60175
3 100769 139296
3 103437 128360
3 108582 52237
3 79819 56022
3 69535 19545
3 95903 137812
3 94979 79609
3 26319 62441
3 158375 88246
3 46639 35872
3 156349 96801
3 61472 90707
3 15384 18053
3 45357 103813
3 66456 65762
3 162664 95077
3 123269 9471
3 92302 92302
3 62695 143429
3 142684 88446
3 97021 13986
3 65100 92254
3 127365 122434
3 4467 49750
3 56461 15690
3 64852 12215
3 163532 109662
3 102534 68521
3 81603 32316
3 26051 2744
3 116967 22055
3 9807 12016
3 58534 61932
3 17752 113456
3 141894 95258
3 103250 21660
3 47767 107530
3 104713 84666
3 49835 97281
3 140653 9471
3 152811 161778
3 26400 18072
3 156623 119022
3 91897 9471
3 73788 145620
3 152558 99916
3 166055 61357
3 99607 83231
3 62970 92347
3 63397 22812
3 105280 60299
3 44351 105316
3 175519 163560
3 129618 140325
3 161679 154724
3 7610 32556
3 152692 133655
3 48545 32787
3 182102 164173
3 59196 156902
3 513 17607
3 90035 118617
3 142872 7993
3 4467 32316
3 58955 21230
3 43669 59759
3 81659 113848
3 31678 15683
3 64941 163681
3 154891 105048
3 20609 5111
3 23429 137446
3 65515 76542
3 136080 2605
3 181345 78376
3 153737 133220
3 153477 50556
3 177310 13618
3 21295 21293
3 111438 5605
3 64512 20175
3 46342 27461
3 26754 10221
3 17737 49172
3 173618 33938
3 12177 45301
3 61192 14578
3 151405 92399
3 99632 82895
3 13973 16730
3 12692 27883
3 57333 63432
3 44822 49716
3 6050 93419
3 20288 93907
3 95602 93906
3 72555 49551
3 37996 76557
3 82768 124495
3 101886 16793
3 27108 27698
3 103593 184172
3 125300 71473
3 55985 105714
3 24917 40587
3 46583 46576
3 170745 159688
3 91373 27874
3 66037 99250
3 124018 27698
3 9457 88246
3 43795 34124
3 58686 78570
3 68541 99251
3 17576 37392
3 14701 72162
3 100143 114273
3 157743 94966
3 6408 29037
3 71344 29039
3 123060 172805
3 26359 25311
3 16706 114751
3 153959 46968
3 16848 18537
3 57646 27492
3 122810 58047
3 122099 26412
3 75114 147374
3 1972 66046
3 103459 105824
3 94815 94815
3 68955 97056
3 64248 99754
3 34286 32316
3 114990 113631
3 61027 105280
3 102421 82316
3 183156 152971
3 9799 154232
3 47236 143994
3 50140 32316
3 96388 41758
3 94513 15012
3 78692 74976
3 24957 9471
3 47320 30036
3 154101 62867
3 53648 92988
3 80920 105558
3 26461 32316
3 9434 2219
3 51299 62141
3 91638 14884
3 127764 130101
3 43254 77070
3 106568 47044
3 55761 130063
3 65167 2744
3 58020 97281
3 69766 96143
3 101766 38990
3 37556 29576
3 137845 155037
3 98433 98700
3 176603 67897
3 42631 119495
3 54607 89142
3 115788 25626
3 186808 38990
3 5612 9798
3 124376 95254
3 55270 56599
3 51242 22651
3 6633 32316
3 103438 9585
3 36398 97884
3 26326 145589
3 81408 32316
3 162247 11267
3 69392 129127
3 68812 29509
3 50730 68725
3 100684 88246
3 58166 42934
3 45352 91910
3 107460 51875
3 110443 125088
3 111918 154061
3 61547 101976
3 66423 120123
3 22543 57549
3 56036 92347
3 6027 9585
3 32104 32316
3 114887 36684
3 80315 32234
3 2532 1261
3 23415 72240
3 43791 162462
3 139155 52944
3 137764 110149
3 23719 26974
3 56617 13041
3 87617 125854
3 9471 66930
3 17649 16359
3 115161 141365
3 26008 20418
3 72053 54589
3 64512 32316
3 30570 158930
3 54134 54545
3 99131 13048
3 56280 2253
3 100387 40624
3 53341 166992
3 43717 32316
3 69512 80952
3 147289 124007
3 20524 156924
3 153477 115242
3 135175 27698
3 49518 48308
3 77631 59143
3 60124 99127
3 142115 54650
3 67519 3278
3 105710 38202
3 33483 176710
3 18608 557
3 103459 32316
3 41677 104322
3 129737 110513
3 129753 20495
3 139544 13617
3 90648 124461
3 45572 3011
3 13602 8112
3 49266 144287
3 57340 51526
3 45240 36032
3 20515 20626
3 132178 84442
3 133506 151739
3 63517 10512
3 151283 83293
3 65574 54244
3 34165 103965
3 42901 32316
3 63042 70510
3 25763 56973
3 106949 70440
3 140635 170289
3 34005 39807
3 23415 17330
3 144688 159688
3 29363 164627
3 36769 40205
3 32301 141235
3 29556 28535
3 44399 103698
3 37481 38692
3 36247 40968
3 77258 63100
3 41310 40207
3 183123 52255
3 123257 44365
3 81071 94846
3 78702 58047
3 48534 23675
3 95805 27698
3 134721 127765
3 46343 41627
3 66936 121704
3 19532 123257
3 74098 45867
3 106721 34893
3 50786 68958
3 150781 27698
3 59747 93375
3 162509 62867
3 101987 13643
3 58894 108268
3 127142 165278
3 24360 14584
3 4032 96143
3 118036 73779
3 103459 68850
3 86342 37705
3 105162 72542
3 65260 72384
3 27108 81299
3 100253 109203
3 7194 116382
3 42738 92705
3 180249 125877
3 108438 98393
3 81221 32316
3 55160 38597
3 112327 166251
3 48582 9807
3 61462 11833
3 177981 96773
3 65755 45806
3 72207 133260
3 42631 47055
3 144116 41096
3 69700 60856
3 77240 39807
3 43633 134443
3 43174 158930
3 55592 42107
3 80593 58166
3 69882 97281
3 111798 60326
3 20318 97281
3 127819 13618
3 177142 175795
3 21704 137876
3 63042 72162
3 87529 151119
3 33132 89120
3 41860 24801
3 76526 163817
3 151671 32316
3 89888 33258
3 68812 55834
3 61439 70397
3 118826 88664
3 141345 43200
3 126823 122695
3 111165 103321
3 148939 128360
3 26734 50983
3 24834 62606
3 32884 17274
3 117790 155205
3 133172 26976
3 127544 34258
3 161875 143464
3 44633 94165
3 19227 69287
3 71538 21251
3 28669 57669
3 53407 8786
3 124549 47237
3 47496 78881
3 81371 19335
3 159205 73177
3 22342 32316
3 106474 11048
3 69672 21250
3 83237 92570
3 100960 26045
3 49276 34082
3 31597 39838
3 145533 16639
3 153560 32316
3 53095 167255
3 6577 13915
3 146824 124503
3 33422 166989
3 36274 90708
3 3266 1708
3 46485 119714
3 132425 144718
3 51447 41757
3 30955 57579
3 50250 91153
3 72384 107475
3 85539 46368
3 172782 82714
3 136018 100960
3 79041 27721
3 47544 20233
3 55024 52403
3 63004 78986
3 65382 55719
3 60371 32316
3 162507 110417
3 10197 155583
3 37998 57056
3 162509 21250
3 185805 172391
3 49674 26045
3 145663 25664
3 35503 69162
3 140495 140212
3 16848 24642
3 146800 102948
3 47851 48944
3 64543 37320
3 114329 121812
3 24500 53437
3 124836 37080
3 64939 45998
3 103442 24260
3 82158 49409
3 29054 17719
3 153245 138323
3 55290 22654
3 91877 96646
3 21003 25232
3 23565 9478
3 86761 86761
3 132386 25942
3 104 37310
3 178252 175944
3 28561 77977
3 107693 93709
3 118296 146464
3 75382 53192
3 600 113848
3 129984 56948
3 64939 56760
3 78288 25752
3 100926 93081
3 97710 107454
3 116098 136076
3 83768 110401
3 109362 94348
3 108609 118961
3 49266 80005
3 168620 131494
3 133230 165506
3 67578 94986
3 63789 9471
3 21232 18222
3 34348 72542
3 78398 88246
3 933 31664
3 42029 137190
3 52092 44301
3 100378 91440
3 67873 110547
3 91134 81919
3 29821 169851
3 38621 42004
3 38847 27698
3 131490 99520
3 162508 119313
3 148572 57986
3 17722 121704
3 98147 156693
3 15916 48965
3 178713 15905
3 9459 159688
3 143478 140479
3 21555 55881
3 103274 104878
3 37318 9471
3 99467 48194
3 63691 30358
3 47755 134448
3 58279 42934
3 65904 36351
3 117306 38558
3 125854 55955
3 57182 115173
3 27041 156591
3 101576 103271
3 32785 75042
3 23258 23262
3 162509 52376
3 19245 31918
3 16766 161799
3 15516 20129
3 44653 8347
3 4018 34146
3 141759 13116
3 137875 99250
3 34563 9048
3 75894 82817
3 58311 44416
3 91749 59956
3 64849 15806
3 96856 17722
3 37603 9471
3 7610 51683
3 89133 88246
3 154724 82798
3 110862 96143
3 17192 14496
3 86930 53345
3 31575 41641
3 76530 78637
3 65775 116144
3 74428 46527
3 98437 88246
3 179209 180961
3 142043 147289
3 68478 32870
3 27803 20252
3 47552 90266
3 32701 32316
3 57209 57211
3 42053 348
3 124550 158056
3 48962 68914
3 74271 63394
3 127072 138098
3 6027 13618
3 53706 49067
3 51812 89009
3 10483 85084
3 67572 41676
3 118447 171591
3 61941 83911
3 30962 93872
3 98422 27698
3 82182 20129
3 150903 23415
3 155487 110671
3 148773 30121
3 88477 32316
3 48348 179626
3 179495 103214
3 110468 75396
3 46774 86014
3 85099 35872
3 85880 89050
3 15739 6538
3 7657 20302
3 42161 77069
3 26709 9505
3 108609 39613
3 33553 60159
3 33896 7326
3 86353 115045
3 137345 97056
3 1329 32316
3 18240 70284
3 66145 42934
3 25829 12252
3 41622 34082
3 75403 171418
3 6040 24740
3 135088 27698
3 105850 117649
3 51307 61235
3 556 92424
3 49266 95368
3 152025 83721
3 29355 106394
3 161672 45896
3 62212 29037
3 182585 57973
3 23450 27698
3 51793 27698
3 46292 114845
3 63753 73105
3 104878 170192
3 106464 86454
3 59451 71291
3 27042 55169
3 47821 17238
3 86196 45688
3 186813 42934
3 82019 70421
3 127142 6407
3 74908 32316
3 154724 1854
3 7729 3509
3 142871 7291
3 61524 114994
3 50114 126366
3 8053 9471
3 14822 20302
3 140212 135964
3 11017 163366
3 62212 42934
3 132448 30125
3 150604 82168
3 75004 101241
3 49678 34666
3 33968 71554
3 28198 62476
3 86834 32316
3 1958 1074
3 1357 20993
3 103966 60779
3 52092 48295
3 109880 125854
3 35082 128617
3 29226 145681
3 26046 113748
3 77725 110078
3 41192 62866
4 47597 69433
4 48871 27430
4 97546 12490
4 32781 32797
4 83521 88246
4 60772 117118
4 168250 103868
4 142684 92393
4 7290 50319
4 9467 38597
4 132425 6691
4 76326 75887
4 109952 81385
4 23220 15441
4 60060 33982
4 129626 43717
4 104842 116956
4 60458 8076
4 34697 121581
4 60313 171078
4 44653 81923
4 10460 124077
4 103812 88246
4 180167 58165
4 89375 20080
4 110023 57487
4 118701 186536
4 63103 78556
4 29511 48038
4 82809 13618
4 75114 8485
4 23630 186827
4 103481 54176
4 93256 108178
4 27017 92977
4 161131 43864
4 70075 56983
4 106032 60076
4 73950 44596
4 164815 9471
4 113335 81211
4 57116 75380
4 153730 154724
4 53920 157039
4 48997 63630
4 5475 2744
4 140114 81261
4 96330 115045
4 132056 48944
4 112443 72542
4 152789 32316
4 60249 70533
4 79809 100997
4 102830 118966
4 76691 99486
4 77509 64534
4 170898 64009
4 71824 27426
4 59366 65788
4 118447 5072
4 161952 116237
4 79125 59357
4 60157 22489
4 85317 32316
4 73299 63100
4 108728 108582
4 74908 37280
4 59693 72542
4 51305 166251
4 41310 130307
4 36680 25751
4 109016 37481
4 69789 63774
4 23258 16403
4 18656 17737
4 22055 18102
4 46787 108007
4 137174 42475
4 70510 57154
4 89790 13017
4 99484 80730
4 111414 162582
4 70761 49481
4 109589 46529
4 108135 27698
4 42451 85603
4 105889 94003
4 153503 90776
4 65720 172199
4 161007 46771
4 137512 44914
4 64724 23276
4 130752 130488
4 162589 153830
4 128148 90017
4 25665 20250
4 102117 27698
4 77201 37955
4 10533 13067
4 140275 15870
4 47081 71291
4 51821 73358
4 17396 81931
4 75114 96315
4 44265 44252
4 845 22357
4 145071 39292
4 35621 87688
4 59846 47013
4 84231 180405
4 116291 47055
4 45551 103463
4 114034 69119
4 8786 27698
4 47964 35270
4 66257 67018
4 62877 53137
4 65053 2372
4 108572 119955
4 158196 142893
4 150966 856
4 25977 151959
4 44353 47073
4 79611 114878
4 160322 128353
4 53283 11842
4 46944 27698
4 45371 55081
4 70528 108502
4 161018 117500
4 35775 97281
4 57753 39216
4 109712 134797
4 42475 32316
4 7226 112197
4 61798 21156
4 9471 28626
4 93103 13076
4 17661 49214
4 152025 100960
4 75114 49366
4 130497 135725
4 5428 48965
4 51559 47005
4 106949 45081
4 77086 36424
4 27681 55955
4 115662 32316
4 5078 8422
4 21250 61289
4 157700 113748
4 85291 1357
4 68472 40151
4 157658 120333
4 106850 103536
4 62302 71309
4 50434 74787
4 103271 89798
4 93900 47596
4 77201 109304
4 33584 166992
4 52000 75403
4 159436 70191
4 148600 37318
4 156621 156686
4 46397 47544
4 84548 52618
4 118447 109920
4 112793 146232
4 112090 147365
4 48175 101241
4 33574 54258
4 6574 2744
4 39380 39728
4 22546 89213
4 53292 9471
4 65762 4019
4 87428 182223
4 120894 135028
4 57314 95979
4 39614 44643
4 4183 46141
4 36684 38558
4 10223 112155
4 25368 88246
4 8786 21247
4 85313 103271
4 48585 86017
4 10263 19208
4 9360 113748
4 75894 7075
4 908 48858
4 127765 88246
4 134324 178561
4 23258 60715
4 14733 103424
4 35830 30121
4 117195 158863
4 38753 39930
4 97679 60811
4 85093 78686
4 106257 94702
4 158604 140368
4 125249 143236
4 46038 23415
4 156463 167174
4 140651 92347
4 82185 70800
4 90683 62031
4 157658 31472
4 27085 18102
4 155921 105125
4 36296 101241
4 152506 33009
4 77412 137738
4 126070 150455
4 73780 66858
4 70191 125877
4 112035 165951
4 30550 9473
4 118414 122644
4 55081 2733
4 64 83743
4 74117 22173
4 50290 94763
4 4088 79139
4 170433 26045
4 178429 143666
4 127142 28118
4 161767 144918
4 89937 94578
4 52962 129081
4 108135 13916
4 48643 31492
4 17649 9585
4 73788 124952
4 20135 11842
4 90032 101861
4 123844 127627
4 31696 21296
4 92719 187202
4 111145 22437
4 51106 36304
4 56225 128858
4 10452 32316
4 140820 133717
4 46120 38035
4 68829 77917
4 91620 116238
4 70572 72667
4 23778 107534
4 65264 71473
4 109008 103791
4 26403 137087
4 20197 41486
4 11938 9073
4 119831 148543
4 140368 9471
4 153730 103271
4 64599 20130
4 73822 94006
4 23775 104224
4 77229 36647
4 2109 110643
4 23105 184676
4 39832 81258
4 90033 75859
4 62189 28118
4 42461 47107
4 66261 5828
4 101733 121206
4 68472 124881
4 6619 122618
4 96103 97884
4 122706 36124
4 94003 118966
4 46868 61714
4 75696 139256
4 115741 175891
4 58125 27984
4 50806 36853
4 65302 7213
4 101836 156886
4 103248 94694
4 30313 27047
4 50081 42934
4 2132 1635
4 41796 114845
4 56162 24326
4 81884 131567
4 122695 93164
4 186138 184388
4 135962 142582
4 58997 27698
4 9469 5344
4 81935 159688
4 45240 41676
4 145755 86454
4 42050 19208
4 112071 40993
4 93255 144815
4 37981 30542
4 26022 170338
4 17396 28853
4 50299 137875
4 48467 41501
4 64468 93537
4 41698 9807
4 132304 116135
4 40884 40887
4 34792 173339
4 8786 31469
4 54085 49504
4 103459 105824
4 125010 183997
4 45070 95933
4 61897 36351
4 99468 54286
4 14864 2022
4 160337 136089
4 106514 15916
4 77549 32316
4 165307 38986
4 63816 116144
4 65745 62656
4 35382 1820
4 101735 112763
4 183360 109407
4 74407 6977
4 128802 90970
4 91749 41923
4 91621 139256
4 118562 117504
4 84490 42553
4 68488 89550
4 28319 11842
4 22751 13155
4 2256 20233
4 140114 150836
4 129512 27698
4 91778 21737
4 109712 182808
4 178836 167716
4 2526 65762
4 63206 121058
4 117989 146631
4 20555 1700
4 58158 76177
4 72509 101580
4 41578 95933
4 27148 7566
4 142610 20133
4 69433 35702
4 37479 112327
4 120048 107514
4 128764 97710
4 110862 142014
4 27012 5549
4 106074 16662
4 103442 21737
4 1072 97832
4 103367 35927
4 30637 141064
4 57348 8435
4 146800 26315
4 116325 46611
4 97712 27698
4 74985 32316
4 59499 27698
4 79609 79609
4 85314 140325
4 51227 31184
4 57248 10219
4 106998 2605
4 98288 29676
4 21313 25649
4 8701 32316
4 55977 15806
4 38623 104852
4 120715 54590
4 123125 116291
4 15874 73779
4 75114 71816
4 66457 136069
4 93971 64334
4 179972 37535
4 43618 13715
4 161131 103528
4 42934 151739
4 46142 9585
4 99584 137087
4 113855 49750
4 55880 10281
4 136145 52240
4 5793 42934
4 104928 26996
4 72662 26045
4 33145 29366
4 93236 129585
4 34301 32200
4 170473 117573
4 108349 61031
4 600 113848
4 50086 70844
4 7074 13975
4 99994 184174
4 127764 24642
4 78979 184075
4 80784 77549
4 90715 110401
4 80160 79609
4 39287 51601
4 44930 86245
4 147004 55955
4 119324 34081
4 45491 51834
4 23622 57579
4 55611 108640
4 19342 126952
4 169332 86834
4 165672 74787
4 35702 35702
4 89713 70539
4 45571 45602
4 159517 184388
4 95974 65218
4 40711 26045
4 83735 165898
4 18237 103623
4 67584 77138
4 73074 147289
4 82901 82360
4 171781 83190
4 112881 85313
4 54018 2744
4 112435 94071
4 9723 15818
4 83238 16474
4 76806 71752
4 112157 9585
4 96370 114877
4 86848 28467
4 57348 64267
4 43722 139455
4 108655 128368
4 20515 26045
4 93108 29775
4 18318 47107
4 52257 13975
4 9471 121704
4 49013 166992
4 34697 149426
4 30276 64268
4 64699 33001
4 70426 32891
4 100930 90714
4 54844 6666
4 73364 72985
4 129557 147289
4 122971 16705
4 3948 14636
4 123167 90733
4 149436 44657
4 39449 26045
4 103274 94692
4 2219 83743
4 168755 161131
4 58563 58563
4 68917 113560
4 42709 36530
4 20515 142767
4 16647 8347
4 35694 155565
4 51155 48897
4 121759 143057
4 82901 49403
4 51630 7768
4 108268 29144
4 51630 121704
4 63448 10222
4 81329 113744
4 53779 166992
4 158343 162496
4 80951 42934
4 160852 32828
4 38168 34992
4 153959 27423
4 58720 121031
4 110874 17737
4 95263 118617
4 32792 48654
4 26754 99748
4 84006 123047
4 31295 31295
4 46882 110504
4 36454 26045
4 22460 14496
4 46902 42135
4 168691 54668
4 110600 90267
4 40413 16729
4 63547 102053
4 179581 9807
4 19021 18102
4 83737 82721
4 85943 84392
4 165395 74115
4 44765 71184
4 93366 108135
4 39966 131521
4 40159 33116
4 136970 164001
4 21665 37601
4 135103 32316
4 106108 97281
4 112354 120685
4 110655 90942
4 124368 46646
4 68994 95979
4 15832 26045
4 36205 6101
4 114329 145589
4 14034 60294
4 75059 17620
4 48134 127501
4 66591 46873
4 94921 12766
4 62867 107706
4 94395 9585
4 44349 83292
4 105195 19246
4 175238 80347
4 22537 47102
4 141504 137874
4 72621 40586
4 117860 38991
4 38638 20129
4 113853 5124
4 174673 162247
4 103248 88246
4 51389 137806
4 123832 133075
4 58720 32316
4 173942 2189
4 66766 32316
4 65799 43116
4 22715 4993
4 157658 2744
4 148543 23415
4 141285 109132
4 24660 9585
4 8786 76370
4 78994 103335
4 101157 159196
4 31896 57512
4 22228 103463
4 156349 89466
4 73154 50588
4 90033 140325
4 56258 42934
4 85006 57037
4 42631 42632
4 121881 127360
4 23822 20510
4 88795 81593
4 4582 104878
4 36503 62361
4 98818 51526
4 57348 121380
4 35374 185964
4 58720 105371
4 61904 13618
4 89027 26045
4 44620 54872
4 109040 119010
4 31654 104577
4 91910 144287
4 51341 55080
4 150952 109224
4 161018 42934
4 154259 146232
4 9047 147289
4 59451 50114
4 124498 2744
4 37599 50728
4 151451 29006
4 55191 42934
4 100156 100960
4 186409 72077
4 179471 50398
4 19222 31094
4 65371 97281
4 155921 96881
4 81567 86459
4 97281 70509
4 92381 120511
4 83731 160313
4 53134 5343
4 26868 79609
4 137874 72164
4 32408 109393
4 67786 27426
4 106486 66428
4 95282 81919
4 56040 81919
4 59235 51576
4 31786 184075
4 109217 43441
4 40181 30743
4 46583 83577
4 93081 25431
4 109964 105045
4 74777 22278
4 113199 93678
4 142122 117500
4 159936 152582
4 186200 34718
4 10991 55955
4 111010 9074
4 70467 48734
4 22279 31862
4 10513 155919
4 127706 9471
4 179934 97056
4 111194 72448
4 37482 55985
4 18547 79609
4 52080 44861
4 9051 97281
4 38401 93375
4 109666 80338
4 56038 108307
4 63207 46146
4 77397 62170
4 12711 8219
4 83735 11842
4 47296 44231
4 72162 79609
4 40889 43179
4 52092 6433
4 3136 99608
4 47462 43864
4 79609 75906
4 96673 20515
4 128145 4225
4 126226 91876
4 144321 123237
4 25664 6355
4 106952 37318
4 45819 67782
4 49785 47393
4 78252 112993
4 60590 62306
4 49101 90045
4 82202 180076
4 39740 26045
4 89090 108990
4 58376 137087
4 65762 89832
4 79522 72985
4 42175 15410
4 57333 32802
4 73888 55024
4 58203 54684
4 155921 52015
4 44587 37601
4 54973 34026
4 64704 26045
4 51257 50186
4 57098 71752
4 97885 70446
4 39758 35116
4 89133 100960
4 93255 140651
4 6162 32316
4 1594 117500
4 35044 106083
4 32202 29037
4 159561 91878
4 126002 152445
4 119244 84814
4 9051 53023
4 150475 129781
4 100387 67162
4 55493 56624
4 39362 42934
4 56617 72164
4 6452 26459
5 96709 32316
5 19681 22451
5 71315 59535
5 128183 90578
5 22362 69494
5 110832 116466
5 35974 55236
5 110727 122981
5 88845 46489
5 8798 29514
5 136408 78399
5 85314 59587
5 51226 46197
5 118414 8136
5 15868 374
5 40833 44257
5 2721 165278
5 41578 13067
5 55345 46575
5 116980 107454
5 103273 7147
5 153606 102223
5 99210 44625
5 61227 43281
5 99522 101030
5 143507 37533
5 48454 121058
5 47103 167566
5 133268 56054
5 9085 26045
5 38335 27698
5 56027 48331
5 63205 56380
5 90033 25751
5 37008 100020
5 142905 32316
5 47742 6691
5 24322 19321
5 157523 42767
5 47081 26995
5 11836 12150
5 152033 123890
5 118437 162807
5 73041 166992
5 8429 1503
5 55028 74556
5 140599 35492
5 22426 104852
5 48534 39181
5 12219 32316
5 80885 4993
5 114664 128739
5 31230 7741
5 78026 16833
5 74908 57349
5 47314 12738
5 21263 103459
5 48718 30036
5 163351 55730
5 30909 67268
5 5077 82127
5 81208 70766
5 35128 26752
5 127072 158930
5 46524 15844
5 86598 159599
5 90089 79633
5 74120 35781
5 39842 31305
5 61459 65762
5 99835 125128
5 93367 99277
5 145531 148497
5 46002 60274
5 102604 71554
5 19321 145589
5 46199 15493
5 30928 27261
5 22100 12751
5 57099 38771
5 52620 165950
5 127142 26045
5 173190 81931
5 34810 38401
5 5859 24991
5 159622 168436
5 71570 32316
5 47737 7197
5 71809 102986
5 26414 46737
5 32942 51155
5 20206 12751
5 94117 9683
5 48644 63006
5 73073 117247
5 132875 55444
5 80784 24957
5 4995 52255
5 88493 84175
5 105280 56722
5 42736 54049
5 6528 36578
5 81785 165278
5 108132 44439
5 53344 62961
5 113779 64599
5 122544 91440
5 99771 117986
5 497 2744
5 113853 43751
5 66317 48264
5 148600 144718
5 53266 40207
5 152824 8136
5 120498 28453
5 585 2744
5 39754 96782
5 76177 67710
5 94751 115045
5 82173 142939
5 18087 37714
5 28119 37310
5 7162 5072
5 62867 86546
5 155553 67507
5 72381 116135
5 107707 85144
5 8701 97056
5 45109 32316
5 7202 97710
5 24500 153749
5 24359 14866
5 49266 60294
5 153959 32316
5 121236 122652
5 128107 116291
5 4527 35702
5 110027 57795
5 148548 62361
5 127142 91284
5 42926 48944
5 65736 83015
5 45128 9471
5 77072 72164
5 64376 43990
5 40502 43990
5 159955 27698
5 43601 133868
5 98724 32316
5 144629 111457
5 102958 75403
5 135103 48563
5 74960 11842
5 38795 37665
5 22100 53345
5 43290 83085
5 178539 23113
5 106471 150475
5 103459 5366
5 74672 77977
5 41664 71194
5 45109 46146
5 89005 184075
5 66088 12490
5 36525 9585
5 86517 88246
5 40399 70528
5 50618 27426
5 137771 37485
5 23415 170192
5 35095 42002
5 135792 32316
5 58447 4462
5 154891 121704
5 162509 20321
5 168436 2744
5 122989 71003
5 3059 159688
5 171120 186827
5 84687 75899
5 19585 25664
5 58118 60898
5 99801 13067
5 8849 57248
5 114339 32316
5 138585 13916
5 80595 148216
5 81258 170192
5 93242 58720
5 152641 44365
5 24138 16259
5 79168 177459
5 51419 50186
5 70494 2793
5 78398 88246
5 2290 135186
5 62252 57554
5 95207 66816
5 168667 112104
5 103274 103274
5 97652 22460
5 3875 6407
5 33258 152554
5 33319 14752
5 159859 23415
5 39739 173168
5 72307 25904
5 39307 47003
5 64235 97738
5 23644 52240
5 60722 169671
5 51338 56382
5 153967 86454
5 46674 81610
5 185627 76874
5 70199 83277
5 51482 40489
5 23415 64451
5 49205 183376
5 96584 130317
5 39681 72378
5 114466 55504
5 69538 62857
5 35781 6691
5 118437 97348
5 135964 19119
5 1884 12714
5 143429 152033
5 81932 1395
5 110874 80407
5 22177 47813
5 136969 74971
5 161843 5610
5 54669 27698
5 19340 9471
5 74829 39928
5 33968 54545
5 58222 16567
5 71570 5486
5 54054 55081
5 72481 32316
5 85869 150803
5 106757 156924
5 18222 22228
5 164317 53540
5 127307 158374
5 53267 87875
5 103653 42255
5 42297 47073
5 12698 1108
5 36321 53137
5 53514 19033
5 165367 179209
5 49353 33952
5 70470 40624
5 75422 107486
5 146047 127309
5 166652 9471
5 41912 19663
5 176720 101465
5 35939 45865
5 53913 91825
5 34775 121815
5 75420 30364
5 155594 158645
5 116356 109640
5 85936 26783
5 80433 79241
5 4647 82238
5 17694 45487
5 52783 140325
5 65757 83471
5 91651 105941
5 36316 121380
5 53840 105558
5 180871 98289
5 87538 103274
5 142872 90776
5 35172 67163
5 19554 12150
5 109224 186071
5 89832 103650
5 49067 13618
5 110137 32316
5 2679 83743
5 163447 2744
5 25230 8275
5 59815 31652
5 18631 69896
5 55956 50726
5 147977 49264
5 148371 112993
5 2253 8061
5 103459 67434
5 82629 46013
5 101582 32316
5 122529 47363
5 120809 116183
5 97531 121818
5 103593 66772
5 47340 46146
5 37281 12129
5 53786 71314
5 8786 2219
5 43835 98669
5 98499 16854
5 57436 20215
5 120459 44320
5 118447 30358
5 64939 72938
5 75114 74886
5 72089 121704
5 88938 20515
5 105519 12215
5 150697 147884
5 91541 41310
5 166450 14496
5 50220 97276
5 97857 32945
5 14563 96351
5 50668 101241
5 25713 154891
5 110625 97738
5 104661 44273
5 59161 61340
5 8753 50109
5 104876 5610
5 50032 32455
5 37655 39942
5 68377 4136
5 7126 5072
5 136271 9471
5 108816 59587
5 12156 117501
5 137159 34034
5 142050 36131
5 28122 21652
5 147004 37600
5 64066 84719
5 15500 42934
5 29768 139989
5 65745 62866
5 120263 67962
5 134801 75816
5 39659 34459
5 94862 39735
5 92367 75451
5 88644 72662
5 108436 49360
5 94216 42430
5 100387 122765
5 163350 66804
5 127332 86856
5 109533 72823
5 137762 141895
5 124567 101916
5 21255 32953
5 94959 47612
5 37471 9048
5 25732 160550
5 62280 74556
5 131490 54430
5 44090 40589
5 18485 1058
5 56488 5072
5 118271 18619
5 42825 113460
5 49126 34060
5 58166 145995
5 84769 42217
5 117240 26045
5 144718 84004
5 45240 69699
5 140653 154101
5 42631 18237
5 142047 38399
5 10996 17737
5 146186 158605
5 164082 72542
5 166013 107576
5 35509 33248
5 29214 47612
5 5600 9798
5 165136 76542
5 56613 64451
5 115741 42934
5 103437 32684
5 102117 11200
5 75403 185972
5 106718 64939
5 159197 170722
5 5828 97281
5 75887 180076
5 40523 12252
5 8113 14496
5 35017 40882
5 93001 50565
5 65787 80008
5 37479 34665
5 100337 142871
5 138545 68603
5 54420 165278
5 117978 59855
5 157773 156886
5 99402 97281
5 126968 121736
5 150224 114887
5 109760 75892
5 24957 41310
5 71892 41489
5 26681 110731
5 14580 135875
5 24532 13163
5 177537 50985
5 46780 7780
5 146872 27874
5 38990 107589
5 60714 57795
5 137889 143515
5 106813 90046
5 41740 140585
5 139149 38571
5 17255 40207
5 11279 9479
5 118616 118617
5 111621 40586
5 105246 176249
5 76307 125854
5 18320 71800
5 2442 8170
5 92721 68783
5 76630 87594
5 34032 135197
5 22003 13568
5 116967 56760
5 83915 107501
5 48543 4886
5 23415 18689
5 77077 24948
5 71677 15024
5 20515 37163
5 144718 103593
5 35105 13751
5 118614 117243
5 47901 13618
5 117344 55026
5 20422 13915
5 151499 32316
5 112638 67375
5 17407 2281
5 50014 157800
5 102012 33879
5 109594 155690
5 66658 76305
5 120868 119517
5 65826 75403
5 40627 42086
5 167513 119970
5 106714 170192
5 106922 97281
5 72796 37479
5 58537 13986
5 80031 93071
5 53301 53303
5 57318 27698
5 42548 140413
5 48259 178224
5 9051 9807
5 67938 42934
5 141760 155921
5 105996 51526
5 62217 57357
5 118316 23415
5 147004 139455
5 51270 25751
5 164235 116180
5 75568 181491
5 51497 47035
5 144376 125149
5 41652 64726
5 56652 2744
5 14907 925
5 32130 28737
5 46158 47371
5 148362 114845
5 80650 172315
5 82714 60077
5 80784 184075
5 72527 22651
5 26045 27698
5 64567 4993
5 38739 178537
5 23151 27698
5 48807 12252
5 33258 32316
5 72165 88246
5 106365 102112
5 50506 104478
5 81493 27698
5 184272 111299
5 35492 38558
5 43406 166992
5 17697 87108
5 7034 30753
5 27076 164489
5 139251 62031
5 46780 20129
5 62708 96290
5 46806 32316
5 180022 26045
5 19549 36578
5 94635 81558
5 15904 46844
5 55257 120190
5 126382 61534
5 75341 34443
5 47706 165898
5 111357 113617
5 81559 105714
5 85486 103024
5 148202 151264
5 37492 36420
5 125759 7730
5 88946 107084
5 104436 97884
5 94351 37479
5 121260 3377
5 31654 14496
5 23415 27076
5 46186 18367
5 41106 66046
5 39569 43202
5 15384 124866
5 97003 51581
5 52355 171017
5 101216 93081
5 157336 38875
5 56695 174642
5 78190 4993
5 65861 75441
5 34421 49360
5 114359 96509
5 80952 27698
5 272 46630
5 170831 62606
5 42430 32423
5 62913 23268
5 99993 173832
5 71076 42833
5 43093 51640
5 27345 50114
5 99959 27698
5 66409 146002
5 2251 24733
5 84880 86212
5 33813 5123
5 49237 50466
5 46780 113848
5 46919 15820
5 167469 69535
5 64282 18190
5 187835 120511
5 144718 132336
5 92823 26045
5 175240 105714
5 49038 105524
5 40866 31665
5 48324 37318
5 57015 11358
5 73950 158510
5 101734 29624
5 32455 12688
5 49570 114941
5 42556 94702
5 77070 73768
5 43676 36793
5 5277 38530
5 174184 47544
5 44298 38632
5 33677 92528
5 11843 8136
5 61462 88246
5 150638 9073
5 112434 114962
5 187417 178780
5 101122 101516
5 84513 70509
5 97190 91748
5 158768 41155
5 19076 16704
5 184256 103698
5 27126 136238
5 21450 30128
5 93242 27698
5 78207 165950
5 72448 138155
5 20112 28503
5 51570 69494
5 102609 119900
5 115738 42934
5 78707 25855
5 68893 122765
5 20934 143411
5 22547 32316
5 144471 14496
5 47157 30281
5 143053 49753
5 146800 65801
5 150455 61141
5 56037 150488
5 88396 9471
5 105841 34303
5 146079 9471
5 23860 15493
5 142566 60626
5 143486 64783
5 78960 166992
5 68909 91421
5 27297 19033
5 68011 55778
5 49530 48308
5 111510 42934
5 107576 14581
5 42479 31918
5 78858 4621
5 130511 155956
5 36124 26045
5 102421 37111
5 90131 49492
5 41050 11842
5 111806 79609
5 36080 14637
5 68591 34026
5 57408 54660
5 154724 42833
5 51188 27698
6 42109 118617
6 15499 69831
6 15828 16702
6 27722 5072
6 164157 75056
6 70441 32947
6 18401 129281
6 64856 98732
6 24888 49898
6 60078 13620
6 107816 40174
6 153730 20487
6 158528 84467
6 144282 73427
6 123685 150602
6 50331 98368
6 58720 65755
6 137502 103328
6 75114 163420
6 39128 4993
6 77073 32316
6 36676 80425
6 75215 36398
6 137345 135963
6 26907 32316
6 121704 27698
6 21250 33418
6 110862 182322
6 44090 47744
6 47794 27698
6 47659 48965
6 9471 27698
6 61462 35273
6 100960 35872
6 33131 19663
6 83735 132314
6 87432 65279
6 162509 126054
6 140650 74971
6 103073 69308
6 64683 2032
6 53756 22651
6 134618 64297
6 37067 20553
6 60137 172083
6 29553 35220
6 162496 120868
6 102658 110734
6 78718 11842
6 123928 42289
6 88598 166992
6 46780 26635
6 164164 94574
6 145390 15869
6 89847 169593
6 105366 13835
6 87210 85097
6 136144 107514
6 12490 1708
6 28737 9471
6 50306 83832
6 32566 64451
6 42504 5365
6 112076 56753
6 21675 134590
6 32408 73053
6 56208 131567
6 82864 48831
6 108129 44587
6 92251 40502
6 61304 2038
6 109037 117500
6 157840 45688
6 66930 40969
6 92244 114878
6 91422 22651
6 187412 107454
6 108291 127765
6 57629 49750
6 111145 12252
6 48037 144471
6 14496 103650
6 42562 76542
6 53968 29851
6 61305 6692
6 76738 121704
6 106520 35927
6 60124 132905
6 31248 37026
6 111446 142519
6 53088 113425
6 136138 116234
6 69461 117203
6 67747 46162
6 144217 20083
6 43215 78076
6 132913 143933
6 60124 123289
6 130497 43433
6 145542 90761
6 112110 169291
6 72667 39991
6 42547 127548
6 14571 23256
6 67269 154637
6 52777 40586
6 80346 77087
6 65488 61427
6 89810 34975
6 84810 32316
6 135429 56123
6 103459 121704
6 144718 124004
6 23151 105558
6 20083 17326
6 66936 110735
6 69830 59635
6 141897 103809
6 40848 83238
6 26754 127765
6 130876 113458
6 19444 17607
6 44087 42934
6 145542 187999
6 96398 73768
6 53340 52055
6 108183 54678
6 73360 146232
6 94443 2963
6 133805 49910
6 133769 92256
6 29162 146232
6 141979 159955
6 162509 153730
6 60106 103214
6 110874 53116
6 13838 7736
6 127420 88523
6 51541 51531
6 99241 97281
6 56099 60724
6 42217 84705
6 99232 52400
6 61668 52895
6 22589 77139
6 31672 64599
6 98536 90708
6 83640 45838
6 123078 114878
6 38161 22545
6 70392 27108
6 60174 71184
6 116356 38986
6 32533 34857
6 49561 32316
6 133172 44298
6 49395 140600
6 92148 52854
6 38795 113748
6 52606 11905
6 56764 91748
6 117963 13986
6 17240 151109
6 46742 26807
6 18271 5343
6 138973 149114
6 168848 172706
6 99312 128360
6 22100 50158
6 134657 39365
6 47501 11842
6 27340 69494
6 30569 20135
6 13587 79609
6 11343 11334
6 26432 179970
6 50956 39721
6 24191 32316
6 41781 76609
6 66534 174704
6 68472 116697
6 109171 100960
6 53523 95915
6 98452 56385
6 85307 112993
6 66983 24957
6 110874 27698
6 49171 23653
6 52350 47107
6 131206 110401
6 15905 29825
6 97437 74556
6 8348 11819
6 2744 13618
6 162508 162496
6 163161 27372
6 17320 27698
6 69617 88135
6 24240 14852
6 97938 75240
6 68472 13752
6 58720 62306
6 49204 80338
6 132735 16706
6 74597 10537
6 77818 12902
6 26723 24587
6 86598 78858
6 106108 109154
6 42934 56347
6 50983 101617
6 57320 101586
6 115821 100960
6 2721 53345
6 29503 16662
6 66981 55730
6 101739 68579
6 48054 68485
6 146800 42265
6 83237 165898
6 59226 27698
6 156741 27698
6 62714 36420
6 38618 38385
6 110824 58534
6 8757 12714
6 37008 35872
6 110862 61439
6 3107 12252
6 5032 2357
6 74688 38014
6 163351 161018
6 45409 117503
6 128562 135541
6 117128 63038
6 100230 77399
6 104981 150653
6 161843 34009
6 58702 97884
6 1848 90045
6 162687 77087
6 108135 85864
6 100387 64542
6 86358 23653
6 90255 28031
6 44041 89936
6 143058 158050
6 75748 23860
6 150604 103214
6 21159 38236
6 115285 34073
6 33874 95745
6 129127 108129
6 37498 95810
6 44822 35616
6 157738 159688
6 162509 154142
6 10309 37659
6 164173 130488
6 58935 2800
6 102761 556
6 55836 15440
6 61501 53540
6 123867 121704
6 17355 13945
6 138835 89142
6 115837 43322
6 33576 52827
6 35094 41591
6 151616 69882
6 135166 100446
6 93902 92255
6 114164 62867
6 62872 14496
6 77855 47740
6 82670 69646
6 110621 64592
6 92988 72126
6 53377 32316
6 21541 43669
6 139272 100960
6 74060 61749
6 41156 30574
6 114421 183976
6 135104 140600
6 358 8786
6 36795 47544
6 15866 10559
6 147618 42676
6 131854 86454
6 43633 43669
6 5475 8275
6 77037 175160
6 29291 90045
6 80019 83721
6 10222 43702
6 119757 114300
6 23742 19341
6 35094 18096
6 61909 45806
6 41671 166992
6 61984 8786
6 101754 2744
6 48795 36124
6 109126 66192
6 166549 600
6 44822 26045
6 36793 18973
6 29556 20135
6 58769 35872
6 140116 44456
6 8858 32316
6 25972 68884
6 95169 15000
6 63230 48234
6 142795 5832
6 95770 81299
6 55985 88246
6 159621 159688
6 117186 181720
6 137803 116973
6 103459 58047
6 31238 62000
6 140651 27698
6 116367 90091
6 34901 130960
6 86924 76370
6 48213 67163
6 133769 103650
6 87597 146232
6 48037 72448
6 175134 165919
6 150914 89820
6 67711 127220
6 125854 184172
6 64790 9471
6 33924 42242
6 47075 47100
6 119318 77089
6 159184 184608
6 132000 94244
6 125854 184172
6 32211 34459
6 135678 107763
6 11279 159688
6 25216 28539
6 109559 103603
6 145544 30253
6 111412 107048
6 135962 182917
6 16644 93081
6 11843 62266
6 72687 136383
6 99241 116237
6 113561 123869
6 127142 38784
6 24270 158510
6 171392 59759
6 63610 97281
6 65081 123076
6 77082 16535
6 149072 126366
6 119646 27698
6 77347 31841
6 33569 79836
6 109132 154460
6 69055 27698
6 158373 125128
6 22460 24642
6 112065 155039
6 31665 118036
6 118447 19567
6 95779 67344
6 152188 63432
6 22791 92989
6 100960 93091
6 125557 15842
6 38604 40489
6 28195 22774
6 57973 81209
6 183462 107514
6 49266 44365
6 49251 108996
6 74850 73303
6 8401 61579
6 141002 173265
6 92148 120211
6 86637 43777
6 50480 27698
6 182272 112932
6 11858 9471
6 3388 269
6 22124 31781
6 148857 27074
6 55312 30191
6 45371 22651
6 39877 32891
6 88504 64045
6 75563 37769
6 80625 48308
6 50183 13618
6 46146 94660
6 34444 50114
6 124487 93906
6 108743 51155
6 110114 126968
6 163447 183976
6 80600 23533
6 143292 13915
6 84058 97281
6 181492 69741
6 15820 74556
6 148544 69494
6 58563 15683
6 157352 2744
6 75400 77073
6 111965 9807
6 51885 76987
6 63156 49980
6 2442 4993
6 37848 74787
6 110072 47544
6 30914 32885
6 61436 158565
6 38274 125787
6 47524 77138
6 59209 137738
6 116966 110600
6 49067 5573
6 54937 27698
6 161666 2203
6 74908 106721
6 65502 102046
6 110434 101885
6 113424 79604
6 74117 42934
6 55312 70800
6 65904 155593
6 47523 83094
6 61164 44594
6 143004 46236
6 29825 14852
6 13035 180995
6 108135 14496
6 56036 14597
6 118447 103215
6 137597 147366
6 21293 28853
6 109363 74850
6 86090 71045
6 49724 59366
6 75114 32316
6 69568 77090
6 112932 127005
6 57986 68483
6 32607 121102
6 49265 101497
6 112137 109167
6 50912 37310
6 49946 41676
6 92249 74556
6 104479 65825
6 122820 148544
6 127100 34990
6 32771 47107
6 132501 68725
6 154891 87030
6 87257 37877
6 66333 131440
6 100305 118647
6 147313 112327
6 108135 101574
6 8786 24957
6 58447 115054
6 174184 53345
6 82957 124068
6 146802 146626
6 110331 87503
6 99124 51417
6 24521 93375
6 30997 20437
6 54406 101241
6 114164 36304
6 25960 140579
6 146924 14498
6 106949 145388
6 32819 19521
6 26626 23457
6 111600 48965
6 157369 30587
6 39358 99987
6 111454 22055
6 111649 113460
6 50046 113459
6 67434 165891
6 5862 50314
6 65574 46708
6 53695 179209
6 48962 42934
6 23825 10180
6 152057 108135
6 86274 73768
6 70916 96881
6 59222 32870
6 34445 163287
6 12764 20129
6 67451 53345
6 36122 43160
6 5879 2744
6 59223 31411
6 20115 32316
6 159688 42934
6 80595 4204
6 68472 35920
6 11874 32316
6 83506 53749
6 36122 82139
6 156349 49980
6 85057 113730
6 112155 110675
6 12157 32316
6 90305 130575
6 126600 48944
6 33132 8174
6 178580 37601
6 69882 76275
6 44065 3095
6 97951 86454
6 143458 59115
6 84410 75441
6 48183 72164
6 48692 27698
6 163447 90266
6 35075 43702
6 37705 134365
6 17697 37331
6 39737 72541
6 142909 101391
6 164360 65430
6 56028 43777
6 94907 108069
6 75913 51924
6 86696 133297
6 50186 175160
6 19271 28853
6 23431 30193
6 143453 179970
6 106257 166992
6 23415 29295
6 162509 108135
6 133770 24511
6 72110 83544
6 59539 51530
6 74688 32316
6 138358 112457
6 53141 38232
6 35095 94003
6 61139 151451
6 115524 30891
6 131049 112993
6 60811 53286
6 165433 47293
6 78166 111818
6 75930 15413
6 43347 29514
6 81359 30870
6 51230 89133
6 78692 149111
6 92978 140599
6 103967 64297
6 92331 35702
6 78717 9070
6 41883 32316
6 86353 32605
6 29511 51850
6 156670 34026
6 119870 5589
6 78398 144471
6 55956 86454
6 48534 59152
6 70533 15905
6 44208 42289
6 39935 93052
6 19333 15683
6 94996 11081
6 162664 149017
6 50398 73376
6 24540 93375
6 125584 73427
6 13067 6354
6 140837 52872
6 54629 48308
6 43190 9585
6 50114 26045
6 50434 106732
6 69876 31810
6 37008 17730
6 88135 114313
6 124649 82911
6 30681 83780
6 94175 95830
6 24473 67897
6 54426 159688
6 27913 149530
6 31476 46771
6 108728 14847
6 39791 117227
6 73788 103650
6 75275 86454
6 161131 72823
6 52371 107162
6 42089 36304
6 36667 153140
6 139259 46529
6 27831 99943
6 64562 13143
6 62493 35686
6 94671 126208
6 86853 55985
6 127914 54633
6 54659 32316
6 140600 32316
6 70201 55956
6 49038 62867
6 78091 160865
6 140212 67303
6 77993 106135
6 107782 71448
6 78784 64624
6 31119 32316
6 37848 12490
6 98024 83180
6 101586 67897
6 98662 68725
6 84814 50472
6 52092 106054
6 71651 81306
6 59341 57990
6 49644 64121
6 96101 23533
6 36398 44310
6 72986 128739
6 53484 83743
6 38260 31472
6 3291 2421
6 83735 139455
6 184272 80347
7 102568 107454
7 35079 18480
7 29511 76699
7 181191 82809
7 49928 43990
7 103064 115026
7 90925 78380
7 57098 35067
7 102048 85566
7 102012 37998
7 93181 76647
7 45603 18973
7 25210 15683
7 32451 25751
7 130965 115846
7 99171 88515
7 120292 48849
7 96706 178537
7 34907 56533
7 8402 130511
7 34811 825
7 185298 54472
7 120472 65272
7 5043 7075
7 183341 165505
7 99463 69612
7 39085 9597
7 75538 78077
7 77134 4225
7 121429 125877
7 64745 186827
7 121709 48264
7 57183 90876
7 96330 37180
7 80773 130140
7 148202 159688
7 52092 52093
7 83279 35199
7 101223 102960
7 40625 77139
7 95903 60799
7 178097 16769
7 2744 11850
7 164166 54678
7 95077 119275
7 123296 127439
7 92252 64451
7 136489 123288
7 156627 107454
7 37406 48264
7 38481 43069
7 103459 13986
7 137343 20302
7 18688 82903
7 37464 4443
7 71571 45870
7 22546 52895
7 114276 8753
7 39624 20638
7 9470 159688
7 81087 28626
7 25579 36498
7 155921 20034
7 35079 75042
7 110012 58084
7 26723 112763
7 167248 45875
7 6963 26220
7 4688 55327
7 42297 9585
7 55778 46844
7 91659 51683
7 52416 169631
7 112846 149114
7 154891 126382
7 47075 37877
7 25754 69203
7 93591 126800
7 101735 2812
7 37052 18982
7 29263 157039
7 51184 33520
7 137517 27698
7 77048 9471
7 88839 98801
7 88785 64763
7 136152 118414
7 103682 97281
7 112629 102571
7 29458 7791
7 22777 18389
7 40969 9048
7 111962 125854
7 158546 118867
7 42979 71752
7 69868 58139
7 60745 97281
7 142060 90045
7 6162 121058
7 40 83743
7 18151 48944
7 106949 27266
7 66652 20250
7 89218 22805
7 102020 39517
7 109953 40478
7 16474 121566
7 9471 9469
7 155966 134618
7 4451 3264
7 35095 5072
7 111438 96373
7 38856 86083
7 32198 86019
7 150582 53192
7 5601 41912
7 21098 11842
7 60697 79383
7 74805 59942
7 98516 47948
7 42730 69381
7 126067 127439
7 83112 51875
7 100844 107438
7 71853 44365
7 110874 113848
7 8785 35872
7 113662 163447
7 44090 32316
7 114878 64977
7 118447 123076
7 77864 110522
7 98261 37247
7 8785 32316
7 42033 53012
7 25292 33306
7 44653 54678
7 52371 28535
7 151623 152180
7 67693 97701
7 82721 32316
7 94034 95629
7 80407 4621
7 74620 58238
7 109564 31918
7 17661 20528
7 44298 54331
7 86646 50750
7 558 4632
7 3135 177262
7 7653 43777
7 32784 72823
7 151749 113327
7 13964 41397
7 40849 187819
7 58697 43864
7 37855 129081
7 19475 32316
7 138828 48234
7 184039 79629
7 32200 54176
7 80405 24740
7 42777 123890
7 66534 54684
7 143301 131031
7 6408 51549
7 28873 5347
7 186740 18533
7 6162 49035
7 74908 67268
7 162509 1375
7 61787 116203
7 53333 125854
7 140599 98393
7 92331 58809
7 121275 43189
7 91385 58779
7 65184 82019
7 78069 45870
7 76078 57983
7 146800 42892
7 88632 39579
7 47278 13618
7 153730 138709
7 38990 20515
7 91345 54678
7 48274 42144
7 122093 139076
7 85223 27698
7 49917 31296
7 6703 174298
7 92880 103090
7 75400 77104
7 144718 36394
7 44825 64310
7 53840 66047
7 55790 183976
7 57087 71154
7 86542 101241
7 104303 97281
7 129116 66047
7 52569 13915
7 71569 54746
7 165151 140212
7 36113 89029
7 82127 113429
7 72733 115852
7 69886 60305
7 64635 58686
7 10219 38632
7 40966 178562
7 81918 15806
7 25391 43669
7 53334 79629
7 45578 60701
7 43406 34444
7 5770 29037
7 72240 94786
7 26632 49916
7 88211 106768
7 182396 171196
7 44012 34685
7 144577 75749
7 83094 47052
7 139660 38316
7 41535 59759
7 24747 5155
7 182585 64121
7 13937 144718
7 37474 61354
7 131031 101241
7 34032 30674
7 65371 159688
7 64451 42934
7 2946 50319
7 78398 130488
7 120327 38793
7 15820 20302
7 105955 149158
7 33371 9048
7 49012 161983
7 39671 97281
7 118447 42934
7 45706 73097
7 101733 42004
7 54206 121704
7 89375 96533
7 118288 44090
7 24930 14925
7 158374 44456
7 77967 33766
7 56625 69571
7 77967 137094
7 13995 29105
7 106921 96925
7 21443 5539
7 44916 87062
7 56949 556
7 65745 65747
7 4286 831
7 27058 13618
7 29860 25584
7 56967 69494
7 39755 22175
7 40964 75503
7 133172 133146
7 52374 9069
7 45081 32316
7 80053 26462
7 132425 185824
7 6955 47042
7 101886 84715
7 112764 67268
7 78771 144259
7 48654 11833
7 38214 106974
7 26045 116697
7 29471 34471
7 125414 32316
7 90758 168436
7 5801 2744
7 28737 182404
7 68493 61091
7 6655 9798
7 65279 66780
7 111932 29818
7 104051 147910
7 165474 159688
7 35069 26400
7 71751 89523
7 184489 135792
7 86836 16702
7 60480 48264
7 133427 75403
7 181 121058
7 49916 41640
7 54443 11029
7 7239 7196
7 162429 5158
7 64375 145986
7 32788 90045
7 49947 92347
7 26046 105280
7 60828 159307
7 27012 5593
7 153769 27698
7 186541 125758
7 143450 139273
7 49067 40207
7 144688 106920
7 140495 98702
7 80537 26635
7 27693 27630
7 62874 96101
7 27432 14504
7 56634 26243
7 54937 48753
7 116367 33751
7 68178 42934
7 98435 47813
7 29786 32316
7 103074 35664
7 35054 103214
7 158071 175160
7 77229 26023
7 154157 11302
7 18592 66047
7 125010 109363
7 25721 70541
7 80011 134511
7 35877 69887
7 107643 159688
7 31672 62580
7 136033 50186
7 63522 45998
7 179972 29549
7 103272 96371
7 138317 163379
7 20318 52552
7 123311 44916
7 180479 5689
7 34461 3509
7 60075 97884
7 160019 114291
7 38816 36459
7 140653 161799
7 34719 6119
7 42934 39986
7 144318 125007
7 41479 170561
7 54423 18619
7 78171 97281
7 60075 118414
7 74986 68256
7 166416 88246
7 104898 86454
7 25521 115045
7 143444 150906
7 87924 56060
7 49048 5326
7 42602 58986
7 51076 53923
7 7789 11389
7 40203 77070
7 136383 172745
7 38795 41758
7 108174 8786
7 33154 81496
7 12150 12151
7 39824 88246
7 114123 90708
7 75423 41758
7 35940 29105
7 36988 26022
7 54437 32942
7 137875 58327
7 37714 41132
7 99585 113848
7 94966 173265
7 54163 58781
7 159349 71440
7 103834 18709
7 150697 64935
7 32781 32797
7 26845 111961
7 56101 14700
7 144698 29514
7 23186 54995
7 148554 72164
7 111495 102007
7 65088 151739
7 148458 162807
7 39225 30166
7 155054 95066
7 143405 90776
7 75087 135826
7 73428 21250
7 148544 39806
7 19022 65004
7 9458 7780
7 171195 41096
7 100131 42637
7 71685 107188
7 88672 70539
7 32213 47042
7 144962 125854
7 127142 64935
7 109936 85562
7 122874 106135
7 29477 29503
7 1884 20233
7 79900 104600
7 38903 103965
7 29826 130964
7 50474 90708
7 128713 97281
7 98747 100189
7 34697 29105
7 23415 89255
7 854 113848
7 30897 64468
7 76475 89406
7 56725 108749
7 52092 128739
7 53746 112932
7 32153 46786
7 27582 2677
7 47340 47363
7 160028 109532
7 77210 139582
7 74985 94006
7 141148 75381
7 89090 7736
7 70850 116952
7 53400 146464
7 64599 19321
7 2040 22583
7 45240 63691
7 89888 11842
7 159511 179266
7 155443 124648
7 150759 145784
7 157352 117776
7 89218 15677
7 97715 5111
7 71049 16807
7 63905 100960
7 52908 20219
7 62513 67249
7 56288 59776
7 74120 69829
7 160971 28539
7 48426 29819
7 18332 27698
7 79774 68968
7 79609 11279
7 105161 26734
7 91904 108591
7 43403 94513
7 60077 36459
7 182102 66024
7 172303 22332
7 117133 58614
7 164171 65762
7 45264 5366
7 13596 43440
7 77073 146626
7 103459 12714
7 41746 45323
7 146900 131994
7 64941 120168
7 102649 146464
7 34811 181132
7 17275 20066
7 26590 45941
7 17647 16809
7 40611 79222
7 70923 9807
7 27997 130192
7 26047 78686
7 110804 185186
7 96398 76275
7 132000 58047
7 15452 135897
7 63437 9585
7 59389 85397
7 35144 92256
7 26890 140600
7 168895 92227
7 32769 111895
7 138732 128360
7 22100 9763
7 44622 48308
7 30559 97281
7 13823 935
7 50120 78686
7 71416 41435
7 60075 62867
7 22677 166992
7 157336 106714
7 45758 70047
7 60582 27432
